*Time 	VF1
0	-5,29562990975513E-5
4,28255848753168E-8	0,284707941070328
9,31119717416682E-8	0,291132853650058
1,29060749370682E-7	0,296781579086508
1,72267067594583E-7	0,304089218088793
2,25203907515974E-7	0,313379373923169
2,92445988315407E-7	0,325359774877566
3,83155723467701E-7	0,341584839451855
5,17722587746755E-7	0,365644229575032
7,54287796036723E-7	0,407878762570014
1,22741821261666E-6	0,49205900278716
2,07446636486482E-6	0,638969917632022
3,23147351146169E-6	0,807259097744914
4,21035228021578E-6	0,900667437072994
4,68376191085936E-6	0,929214406585421
5,15586269870196E-6	0,948605105123671
5,69059842733135E-6	0,962574164447148
6,19809027079031E-6	0,97037251937308
6,69965754578205E-6	0,974643907663087
7,15786975835517E-6	0,976577133156251
7,58707995233123E-6	0,977278741724115
8,00070137537837E-6	0,97729026117716
8,46226093503459E-6	0,976807592344474
9,04231514073881E-6	0,975739999389395
9,77340258595211E-6	0,973965017563356
1,06893632940403E-5	0,971385002839003
1,18351991616021E-5	0,967909251152831
1,32953112133259E-5	0,96334917030814
1,52407935336068E-5	0,95725025441655
1,8042686910136E-5	0,948547170939014
2,26737973998173E-5	0,934408473277897
3,193601837918E-5	0,906975647715745
5,04604603379054E-5	0,85524764825138
8,3807895710412E-5	0,77171154232843
0,000150502766455425	0,635490022017841
0,000256598241867491	0,482374816756656
0,000354385874995166	0,39143115349276
0,000442118640367145	0,338154856977003
0,000519931624994585	0,306249003797685
0,000566458927840724	0,292336951727351
0,000600035769486962	0,284116999804815
0,000632357886521526	0,277330194869248
0,000676353850143178	0,269508357709429
0,000744323437521478	0,259948980829429
0,000839910318666291	0,250356112519719
0,000961528649983802	0,242591345475048
0,00110885031163379	0,237299075984813
0,00128534392867859	0,234219747869631
0,00149936175475916	0,23275144862833
0,00176686282735786	0,232270135405922
0,00211784980240271	0,23226915240505
0,00251784980240271	0,232393950949205
0,00291784980240271	0,232472884677208
0,00331784980240271	0,232502521562043
0,00371784980240271	0,232508670364314
0,00411784980240271	0,232507887802227
0,00451784980240271	0,232506447520538
0,00491784980240271	0,232505674754467
0,00531784980240271	0,232505418522223
0,00571784980240271	0,232505379381838
0,00611784980240271	0,23250539485259
0,00651784980240271	0,232505410533305
0,00691784980240271	0,232505417867712
0,00731784980240271	0,232505419987519
0,00771784980240271	0,232505420165218
0,00811784980240271	0,232505419946514
0,00851784980240271	0,232505419783143
0,00891784980240271	0,232505419715657
0,00931784980240271	0,232505419699114
0,00971784980240271	0,232505419699319
0,0101178498024027	0,232505419702014
0,0105178498024027	0,232505419703656
0,0109178498024027	0,232505419704256
0,0113178498024027	0,232505419704375
0,0117178498024027	0,232505419704355
0,0121178498024027	0,232505419704324
0,0123463543190715	0,232505419704312
0,0124492814320184	0,232505419704306
0,0124870342095505	0,232505419704308
0,012499999204	0,0501448458025086
0,012499999404	-0,00632700137282134
0,0125000493714866	-0,46050224180929
0,0125001114630897	-0,469226128702425
0,0125001515102974	-0,475853367813393
0,0125001998409621	-0,48423989648955
0,012500260474816	-0,494983889659237
0,0125003407745694	-0,509308746066585
0,0125004559934198	-0,529874965393839
0,0125006450194908	-0,563583476907812
0,012501023071633	-0,630949549891993
0,0125017791759173	-0,765583884724714
0,0125031415421386	-1,00779285358286
0,0125058662745813	-1,45713207659712
0,0125072062392555	-1,6053729203752
0,0125079540612742	-1,65651490965379
0,0125084427597644	-1,67766042761027
0,0125089242362296	-1,69088335637438
0,0125095930933261	-1,70086068994046
0,0125101110193988	-1,70399523020911
0,0125105164505664	-1,70460216182325
0,0125108609860644	-1,70427419096007
0,012511284024572	-1,70319658345856
0,0125118179836546	-1,70115176891541
0,0125125033272239	-1,69784221382436
0,0125133699748476	-1,69304605793932
0,0125144467005684	-1,68663430661626
0,012515798719812	-1,6783216385141
0,0125175588952767	-1,66742187419118
0,0125200053727863	-1,65236848786322
0,0125238060782414	-1,62931333249936
0,0125312131834144	-1,58548063814279
0,0125460273937603	-1,50187031127052
0,0125715277171921	-1,3696737480938
0,0126225283640556	-1,14391213218402
0,0126844219800015	-0,927373141267134
0,012735500924174	-0,787708786123917
0,0128106463252234	-0,630402945499634
0,0129083097973864	-0,488004825599408
0,0130010992648121	-0,399008838589829
0,0130872998562547	-0,344197707401296
0,0131651763009669	-0,310548131067324
0,0132320375351645	-0,290104614382066
0,0132829279744973	-0,278406661747491
0,0133240005381229	-0,270823282858322
0,0133846007763252	-0,261865129671834
0,0134678614766595	-0,252776803842141
0,0135783085000531	-0,244730636535944
0,0137165795594118	-0,238774609672794
0,0138837249859888	-0,235080323086764
0,0140859570871586	-0,233179456077756
0,0143360081199958	-0,232452633849717
0,0146581825026381	-0,232348465375143
0,0150581825026381	-0,232464743669252
0,0154581825026381	-0,232561120994179
0,0158581825026381	-0,232602910666564
0,0162581825026381	-0,232613897254098
0,0166581825026381	-0,232614232010691
0,0170581825026381	-0,232612734529306
0,0174581825026381	-0,232611752820704
0,0178581825026381	-0,232611375739816
0,0182581825026381	-0,232611293999358
0,0186581825026381	-0,232611301778769
0,0190581825026381	-0,232611319296449
0,0194581825026381	-0,232611328965224
0,0198581825026381	-0,23261133224925
0,0202581825026381	-0,232611332787443
0,0206581825026381	-0,232611332611853
0,0210581825026381	-0,232611332419294
0,0214581825026381	-0,232611332326995
0,0218581825026381	-0,232611332299578
0,0222581825026381	-0,232611332296882
0,0226581825026381	-0,232611332299464
0,0230581825026381	-0,232611332301483
0,0234581825026381	-0,232611332302339
0,0238581825026381	-0,232611332302555
0,0242581825026382	-0,232611332302556
0,0246581825026382	-0,232611332302523
0,0248661553447949	-0,23261133230251
0,0249579251676346	-0,232611332302509
0,024999999204	-0,0523378958207236
0,024999999404	0,00412994775794647
0,0250000485422396	0,457964217013362
0,0250001088150949	0,466290221833916
0,0250001477440447	0,472703125257235
0,0250001946424945	0,48084372516925
0,0250002531985942	0,491253392522068
0,0250003301127635	0,505040742321367
0,02500043900191	0,524585293986537
0,0250006132877954	0,5558491869786
0,0250009618595661	0,618360229703102
0,0250016590031075	0,743429468087089
0,0250028895481819	0,964333834473103
0,0250053506383305	1,38993996123894
0,0250067567014647	1,56858782900314
0,0250078649799643	1,65009081468974
0,0250083015575249	1,66814469540553
0,0250087299358533	1,67973308558103
0,0250092982734269	1,68865958703086
0,025009784543015	1,69224329443212
0,0250101909273082	1,69329867441038
0,0250105496599313	1,69323722689511
0,0250109488295748	1,69244467484587
0,0250114524348301	1,69073472705176
0,025012090043341	1,6878589582774
0,0250128911001589	1,68360232280543
0,0250138833993752	1,67783260955808
0,0250151202630043	1,67033033840533
0,025016710084917	1,66056021306661
0,0250188728271168	1,6473110643483
0,0250221078772676	1,62772836800643
0,0250278830606699	1,59347094743683
0,0250394334274745	1,52745809276566
0,0250603872451001	1,41565589910742
0,0251022948803513	1,21943132218601
0,0251446294070325	1,05358684650819
0,0251901236191527	0,905925647056609
0,025246312474636	0,759022213059559
0,0253267818435227	0,600789157141598
0,0254248801235649	0,468181702982343
0,0255176504048354	0,385945667601496
0,0256027608188547	0,335913503890745
0,0256787646453373	0,305394760684195
0,0257245689009709	0,291865849752457
0,0257595684691047	0,283393667554396
0,0257894352724045	0,277182648823306
0,0258341169025976	0,269279603013007
0,0259028513596271	0,259686276965504
0,0259992365711204	0,250115949652929
0,0261217604157055	0,242404123574129
0,0262699175175025	0,237179607510082
0,0264473643803932	0,234156400844689
0,0266626487019546	0,232725816329017
0,0269320244942927	0,232265266106082
0,0272860984082554	0,23227241695923
0,0276860984082554	0,232397072452986
0,0280860984082554	0,232474316019896
0,0284860984082554	0,232502925730761
0,0288860984082554	0,232508699131324
0,0292860984082554	0,232507842928408
0,0296860984082554	0,232506415194349
0,0300860984082554	0,23250566164921
0,0304860984082554	0,232505415403129
0,0308860984082554	0,232505379479451
0,0312860984082554	0,232505395397338
0,0316860984082554	0,232505410856372
0,0320860984082554	0,232505417983742
0,0324860984082554	0,232505420009415
0,0328860984082554	0,232505420160802
0,0332860984082554	0,232505419940374
0,0336860984082554	0,232505419780016
0,0340860984082553	0,232505419714669
0,0344860984082553	0,232505419698987
0,0348860984082553	0,232505419699393
0,0352860984082553	0,232505419702081
0,0356860984082553	0,232505419703685
0,0360860984082553	0,232505419704265
0,0364860984082553	0,232505419704375
0,0368860984082553	0,232505419704355
0,0372860984082553	0,232505419704325
0,0374285286263323	0,232505419704316
0,037499999204	0,0605214291187493
0,037499999404	0,0040501403627871
0,0375000483777016	-0,44969778513185
0,0375001082947599	-0,457896921328959
0,0375001470054101	-0,464229774662861
0,0375001936239682	-0,472273347817301
0,0375002517734594	-0,482554012320263
0,0375003280258049	-0,496150135627367
0,0375004356858289	-0,515370093002928
0,0375006071678097	-0,545957087766843
0,0375009501317714	-0,60708107554508
0,0375016360596947	-0,729244010648671
0,037502841374555	-0,943631832263414
0,0375052520042756	-1,35885578459481
0,0375067218526172	-1,54975890822397
0,0375078798674314	-1,63717007452884
0,0375084484078957	-1,66036018076742
0,0375088953510079	-1,67139189518814
0,0375094593909127	-1,67925323475142
0,0375099591531045	-1,68238110879175
0,0375103580515	-1,68312536323265
0,0375107056894729	-1,6829166048573
0,0375111255094691	-1,68196979704675
0,0375116561841751	-1,68006355732495
0,0375123315234854	-1,67692925204509
0,0375131793913418	-1,67236415368305
0,0375142283708283	-1,6662453128897
0,0375155401987758	-1,65831358557325
0,0375172391132945	-1,64794538564146
0,0375195810217581	-1,6337278855924
0,0375231660004832	-1,61225426042961
0,0375299047766448	-1,57280627124161
0,037543382328968	-1,49724614842041
0,0375669573621561	-1,37501900041904
0,0376141074285323	-1,16386400022528
0,0376782895560333	-0,935596556324104
0,0377276324507371	-0,79865224652395
0,0378010035299527	-0,64163742901691
0,0378980943795024	-0,496101367373374
0,0379912608907199	-0,404055058514361
0,0380780300749877	-0,347279490266706
0,0381566036935448	-0,312424671665292
0,0382243571661963	-0,291230877618023
0,0382635783619153	-0,281857700203234
0,0382937622915478	-0,275765144198149
0,038341832584439	-0,267590655965101
0,0384115096780135	-0,258339439842824
0,0385093510658801	-0,249153021734506
0,0386344320726957	-0,241773104999277
0,038785818408958	-0,23683486938689
0,038967506020357	-0,234026911675264
0,0391885167039457	-0,232738486867679
0,0394661791935064	-0,23235572549125
0,0398335515656753	-0,232392434669483
0,04	-0,232472300284237
 
*Time 	VG2
0	0
1E-9	1
0,012499999	1
0,012500001	-1
0,024999999	-1
0,025	0
0,025000001	1
0,037499999	1
0,037500001	-1
0,04	-1
 
