2.000000000000000284e+02 6.443689071033860058e-03 nan 5.015769220136714890e-02 nan 3.232005730662297735e-04 nan 3.072607384709949763e+00 nan -7.928391066304751530e-03 nan -6.474552797897921950e-03 nan
2.114713861053398034e+02 4.612836667556570285e-03 nan 4.995717319427991909e-02 nan 2.304442803180486174e-04 nan 2.040442268341231546e+00 nan -8.265653281586250387e-03 nan -7.113579099124486479e-03 nan
2.236007357065686847e+02 8.635825825172697284e-03 nan 5.027676795310101476e-02 nan 4.341814110956047782e-04 nan -2.885575163775674135e+00 nan -8.842265922737530676e-03 nan -7.709640448870735963e-03 nan
2.364257875702091098e+02 8.794616644784357742e-03 nan 5.030959711027153253e-02 nan 4.424536201383890322e-04 nan 2.758957186215956980e+00 nan -8.645236142195545856e-03 nan -7.858542568846025450e-03 nan
2.499864450425936298e+02 2.371122781071010460e-02 nan 5.037510095827105877e-02 nan 1.194455494809085931e-03 nan 2.607752775607861118e+00 nan -7.850637939428507794e-03 nan -7.435255318148214360e-03 nan
2.643249002035180979e+02 1.552749772742844682e-02 nan 5.066174434091981482e-02 nan 7.866501201211934403e-04 nan 2.589870355370287314e+00 nan -8.201351320380245724e-03 nan -7.497673837637650919e-03 nan
2.794857651409681694e+02 2.528730573727397749e-02 nan 5.010571633685987486e-02 nan 1.267038568195299249e-03 nan 2.736852608685378385e+00 nan -8.962444440361955200e-03 nan -9.287499232200161284e-03 nan
2.955162107553599640e+02 2.952204154372331524e-02 nan 5.039495482824350031e-02 nan 1.487761950033464429e-03 nan 3.072132133389937181e+00 nan -8.767787359296961083e-03 nan -9.060389892306633386e-03 nan
3.124661135251683959e+02 2.213319917372961326e-02 nan 5.041770405567348734e-02 nan 1.115905085746376514e-03 nan 2.886120798274189880e+00 nan -8.520315450708649749e-03 nan -6.723681500825084111e-03 nan
3.303882106905790579e+02 4.095397074648594871e-02 nan 4.995128485376772176e-02 nan 2.045703458650590008e-03 nan 3.025263480141969552e+00 nan -8.416874806757280308e-03 nan -7.275320325882933536e-03 nan
3.493382643379993056e+02 3.966784793336462084e-02 nan 5.036874684818352238e-02 nan 1.998019790567882609e-03 nan 2.943307537327681800e+00 nan -7.857131287294275013e-03 nan -6.959823050300271291e-03 nan
3.693752348959514507e+02 4.756652387191705189e-02 nan 5.010191526117998423e-02 nan 2.383173948299682852e-03 nan 2.909465410751014502e+00 nan -8.215464036359402047e-03 nan -6.533559574117581148e-03 nan
3.905614645821616477e+02 5.711778083621376484e-02 nan 5.038295043930907102e-02 nan 2.877762321074275528e-03 nan 3.062149890733038227e+00 nan -7.713650270495325638e-03 nan -6.770399705393639195e-03 nan
4.129628713726068554e+02 6.788783624054033072e-02 nan 5.005378282459591044e-02 nan 3.398043011615737349e-03 nan 3.089474042782756058e+00 nan -8.015309808984384665e-03 nan -8.124177041946964786e-03 nan
4.366491540960315092e+02 7.833668693604696476e-02 nan 5.028679813484376870e-02 nan 3.939301162505446686e-03 nan 3.005264384864066329e+00 nan -7.730266349152647293e-03 nan -7.492817656964322059e-03 nan
4.616940092920593770e+02 9.001689537915906481e-02 nan 5.040899398315131646e-02 nan 4.537661137549990620e-03 nan 3.038276149466935472e+00 nan -8.706714445555804871e-03 nan -7.335052021793474035e-03 nan
4.881753605076170857e+02 1.045429130513333693e-01 nan 5.021572920237033638e-02 nan 5.249698611812704356e-03 nan 3.047214256840694802e+00 nan -8.424439340532888926e-03 nan -8.870710972402920738e-03 nan
5.161756007450991319e+02 1.038679341920947380e-01 nan 5.030553712339135702e-02 nan 5.225132219430392647e-03 nan 3.038288565403370889e+00 nan -8.026557365260237123e-03 nan -8.035061237040726917e-03 nan
5.457818488166128645e+02 1.292893357957210776e-01 nan 5.038722209653611478e-02 nan 6.514530477452634867e-03 nan 3.021395116729176600e+00 nan -8.117022055654574478e-03 nan -8.935653081181164220e-03 nan
5.770862204019205137e+02 1.558284689829660674e-01 nan 5.060918734594868629e-02 nan 7.886352180591284233e-03 nan 3.067298919446509231e+00 nan -7.834199395592524040e-03 nan -7.067795838459434675e-03 nan
6.101861146534292857e+02 1.778980524991822521e-01 nan 5.002843964391164716e-02 nan 8.899961982224764701e-03 nan 2.988877319711371605e+00 nan -7.856578205187704847e-03 nan -8.170504860941125991e-03 nan
6.451845172399623607e+02 2.142460507215269150e-01 nan 4.989248558343699347e-02 nan 1.068926799693209299e-02 nan 3.064950917889221138e+00 nan -8.963146459671170879e-03 nan -8.429159138335898596e-03 nan
6.821903207721965146e+02 2.465586150100631257e-01 nan 4.966748334203609921e-02 nan 1.224594590384780156e-02 nan 3.042364491958929662e+00 nan -8.254664145021118477e-03 nan -7.552235999433601008e-03 nan
7.213186636067138124e+02 2.745111671555928723e-01 nan 5.052337945439687450e-02 nan 1.386923186267138841e-02 nan 3.056696976450108849e+00 nan -8.650132069373513491e-03 nan -8.572188570141352215e-03 nan
7.626912880828160723e+02 3.268099490949116226e-01 nan 5.021689208789864578e-02 nan 1.641137994695082702e-02 nan 3.040794774884912677e+00 nan -7.965773722819702307e-03 nan -6.165309817865938929e-03 nan
8.064369193067005881e+02 3.729117367120767801e-01 nan 5.021385659667073481e-02 nan 1.872533647047565711e-02 nan 3.044574486372881417e+00 nan -7.714385621639319700e-03 nan -6.320796155217288728e-03 nan
8.526916656615401280e+02 4.414693045119554848e-01 nan 5.039504478002791027e-02 nan 2.224786536988777527e-02 nan 3.050433366289755810e+00 nan -9.303206452049806938e-03 nan -6.423991751058565590e-03 nan
9.015994422895851130e+02 5.425775974547125680e-01 nan 5.000419415203740531e-02 nan 2.713115552567144095e-02 nan 3.066725015773300811e+00 nan -9.100092108661802376e-03 nan -7.419276677407804152e-03 nan
9.533124188638992109e+02 6.474866520292541505e-01 nan 5.037593801075936767e-02 nan 3.261774744541982851e-02 nan 3.034477172072756801e+00 nan -8.944204744334624188e-03 nan -7.768670769459698304e-03 nan
1.007991493042915067e+03 8.127965749055601208e-01 nan 5.013174808872732785e-02 nan 4.074691314054593172e-02 nan 3.028627232251821511e+00 nan -9.593483156441819440e-03 nan -6.898346893749351949e-03 nan
1.065806791080880885e+03 1.007462146237849465e+00 nan 5.008943507487877145e-02 nan 5.046320976437878442e-02 nan 3.029859987903923191e+00 nan -8.451579611663673566e-03 nan -6.100352850843458914e-03 nan
1.126938197151791883e+03 1.302916480331682836e+00 nan 5.044798393236246681e-02 nan 6.572950966498299075e-02 nan 3.005776306022122313e+00 nan -9.063717299705405239e-03 nan -6.613130787698737884e-03 nan
1.191575913033710549e+03 1.786708935968560175e+00 nan 5.026905041825673048e-02 nan 8.981616158495338287e-02 nan 2.977554577478722209e+00 nan -8.085731742447225742e-03 nan -6.878114976099654505e-03 nan
1.259921049894872795e+03 2.633981053246446713e+00 nan 5.039243338286060470e-02 nan 1.327327147574385857e-01 nan 2.925470237416939234e+00 nan -7.514024705259363286e-03 nan -6.610196877345743405e-03 nan
1.332186254022819867e+03 4.552773082928808002e+00 nan 5.011566593602538588e-02 nan 2.281652549065885383e-01 nan 2.826271994071928972e+00 nan -7.612131438214923829e-03 nan -6.773948010035537627e-03 nan
1.408596368443429810e+03 1.118747267523359490e+01 nan 5.006780176317437298e-02 nan 5.601321641345257119e-01 nan 2.349458102840499052e+00 nan -8.699944424910198426e-03 nan -6.667126361858934959e-03 nan
1.489389132488399810e+03 1.131398720040342631e+01 nan 5.065799708631844867e-02 nan 5.731439306326809868e-01 nan 7.065282595381221498e-01 nan -8.760590779497978708e-03 nan -6.616570541670187440e-03 nan
1.574815921487757350e+03 5.263088439961740583e+00 nan 5.080674289206616595e-02 nan 2.674003811873417735e-01 nan 2.670773444987775136e-01 nan -8.469691148860706426e-03 nan -7.279805994608304007e-03 nan
1.665142528888871539e+03 3.454038169616023168e+00 nan 5.058370889428036310e-02 nan 1.747180612815898981e-01 nan 1.477259145983200739e-01 nan -8.478652051097176554e-03 nan -6.512567967395092340e-03 nan
1.760649993235402007e+03 2.602132377701540378e+00 nan 5.109410152920192821e-02 nan 1.329536158987061345e-01 nan 1.045828098268994921e-01 nan -9.036077034476635086e-03 nan -7.003334274221103238e-03 nan
1.861635472579237785e+03 2.161203693100940626e+00 nan 5.105191240431814631e-02 nan 1.103335816280781034e-01 nan 7.397400977999835092e-02 nan -8.295626120941363216e-03 nan -7.313967676582092646e-03 nan
1.968413169046005123e+03 1.862232381176319729e+00 nan 5.131392153679927015e-02 nan 9.555844629096854614e-02 nan 6.114534595063458866e-02 nan -8.006344293244498436e-03 nan -6.679750657909776061e-03 nan
2.081315306430815781e+03 1.686060389311618835e+00 nan 5.055016902445288313e-02 nan 8.523063766513716555e-02 nan 4.595491973851650869e-02 nan -8.468553120015077929e-03 nan -6.890738453521764832e-03 nan
2.200693163865922998e+03 1.526757068904809778e+00 nan 5.050793130960314070e-02 nan 7.711334116269516481e-02 nan 4.132504775075851455e-02 nan -7.666965445453816606e-03 nan -6.077528219468125541e-03 nan
2.326918168776362108e+03 1.404372948388153519e+00 nan 5.068008467685877760e-02 nan 7.117373994220144162e-02 nan 4.427467880690727497e-02 nan -7.693762724834155194e-03 nan -7.517330367199528615e-03 nan
2.460383052524181039e+03 1.328254133367913870e+00 nan 5.075364737759375383e-02 nan 6.741374191278648453e-02 nan 2.887003586380476605e-02 nan -8.014099072514092176e-03 nan -6.889506994924077254e-03 nan
2.601503072336879995e+03 1.246638234672161616e+00 nan 5.110316845808125785e-02 nan 6.370716371273650591e-02 nan 3.291426782459661027e-02 nan -9.251260290890541554e-03 nan -7.158169740674493776e-03 nan
2.750717303321900090e+03 1.195983033418401176e+00 nan 5.073431550325154665e-02 nan 6.067738055398500668e-02 nan 2.042011422556022637e-02 nan -8.605195792027954885e-03 nan -8.514574267450029585e-03 nan
2.908490004587125441e+03 1.160205660430893237e+00 nan 5.068627348854694986e-02 nan 5.880650140756048944e-02 nan 1.575315230065710281e-02 nan -8.200856479471526142e-03 nan -6.798288143044384918e-03 nan
3.075312063717827186e+03 1.128235918252406877e+00 nan 5.093257666043214671e-02 nan 5.746396239744376577e-02 nan 3.059354065151431712e-02 nan -6.640968960682559243e-03 nan -6.525687221962874797e-03 nan
3.251702524104409349e+03 1.083646346477801670e+00 nan 5.094901180136131996e-02 nan 5.521071049519959972e-02 nan 2.183191448507004750e-02 nan -7.609702007612940099e-03 nan -7.175221223872028410e-03 nan
3.438210199872957219e+03 1.054652362152848299e+00 nan 5.100025642115352947e-02 nan 5.378754090497054469e-02 nan 2.921039045270257262e-02 nan -8.227106334930534351e-03 nan -7.969055337035697156e-03 nan
3.635415383443257724e+03 1.034877303048939989e+00 nan 5.111567010135117939e-02 nan 5.289844681802564896e-02 nan 4.350899490743742604e-04 nan -7.236492969202306703e-03 nan -8.356561519155578099e-03 nan
3.843931651027108728e+03 1.009109735857658174e+00 nan 5.143270386952150663e-02 nan 5.190124221621800205e-02 nan 1.579606749721795822e-02 nan -7.354167548154632791e-03 nan -6.377719710246572936e-03 nan
4.064407771684449472e+03 9.839575685365006263e-01 nan 5.183082322933513231e-02 nan 5.099933079998177077e-02 nan 1.181527216883671016e-02 nan -6.920885701523835434e-03 nan -7.671631504630605468e-03 nan
4.297529725877133387e+03 9.775791895106361595e-01 nan 5.121667331398518930e-02 nan 5.006835398771666834e-02 nan 3.095669738505613111e-03 nan -8.021771736238855061e-03 nan -6.892884888222205152e-03 nan
4.544022839800691145e+03 9.694261558824429637e-01 nan 5.118710055086932165e-02 nan 4.962211411779732240e-02 nan 1.342774434165106001e-02 nan -7.993250526310500745e-03 nan -6.236934227616743563e-03 nan
4.804654042134871816e+03 9.577450869080815776e-01 nan 5.114155390965551690e-02 nan 4.898057199381736226e-02 nan -7.396116392097695780e-04 nan -9.764443198565231352e-03 nan -7.269782401144453399e-03 nan
5.080234250234424508e+03 9.537526292861019384e-01 nan 5.125640336952260595e-02 nan 4.888592948143120204e-02 nan 9.516714340095155933e-03 nan -7.896162578980384442e-03 nan -8.505284473520583963e-03 nan
5.371620893184476699e+03 9.303299480330488036e-01 nan 5.138436670987772681e-02 nan 4.780441521091166601e-02 nan 1.858099837853099956e-02 nan -8.354214830110812118e-03 nan -7.175492647028237740e-03 nan
5.679720579570627706e+03 9.287289391295541208e-01 nan 5.151768044970685828e-02 nan 4.784596071047161892e-02 nan 1.322461995870760632e-02 nan -9.251025499438732952e-03 nan -8.139752349374178991e-03 nan
6.005491918264122432e+03 9.207967057531926125e-01 nan 5.141056453312056046e-02 nan 4.733867846300933435e-02 nan 3.505403495009495884e-03 nan -8.955684312652791024e-03 nan -7.560000263585238585e-03 nan
6.349948500998655618e+03 9.194113102705132601e-01 nan 5.168984589848299449e-02 nan 4.752422894520516583e-02 nan 5.944886129024773425e-03 nan -8.293185009035542940e-03 nan -7.451778740568550108e-03 nan
6.714162056018550174e+03 9.085667487738838810e-01 nan 5.151364459197612516e-02 nan 4.680358458442511471e-02 nan 1.176808952283803222e-02 nan -8.304962343131643693e-03 nan -7.250651706428183629e-03 nan
7.099265782610603310e+03 9.097226040463622931e-01 nan 5.182838210748327845e-02 nan 4.714945073432957878e-02 nan 9.343497582474658003e-03 nan -8.021070343092908186e-03 nan -6.482394890220534271e-03 nan
7.506457876894370202e+03 9.078282522754805850e-01 nan 5.140110596859027992e-02 nan 4.666337619649208596e-02 nan -2.924803122304364678e-03 nan -7.571824424357607650e-03 nan -6.960688700115366320e-03 nan
7.937005259840992039e+03 8.922630455962770046e-01 nan 5.189473971200295188e-02 nan 4.630375850585781439e-02 nan 1.286972748511860942e-02 nan -9.073564070945928928e-03 nan -5.563738607027633384e-03 nan
8.392247519119742719e+03 8.833628478436604814e-01 nan 5.232757923719408288e-02 nan 4.622423941573256673e-02 nan 8.497124406817491149e-03 nan -7.207170991774576249e-03 nan -8.192329402986310918e-03 nan
8.873601077036753850e+03 8.982199557368782949e-01 nan 5.178971377598474285e-02 nan 4.651855441549061082e-02 nan 1.571693849349387051e-02 nan -7.895819251105181888e-03 nan -8.029898288862986205e-03 nan
9.382563597534001019e+03 8.971405517137179819e-01 nan 5.152161913313836605e-02 nan 4.622213381428780243e-02 nan -7.292087631336485742e-03 nan -6.506840314105606822e-03 nan -7.395251241937705368e-03 nan
9.920718645960092545e+03 8.879937886934613500e-01 nan 5.171628981067650371e-02 nan 4.592374412615168183e-02 nan 1.804923248139767011e-02 nan -7.026096238926224195e-03 nan -6.181453945998166034e-03 nan
1.048974061611135039e+04 8.728293856917197502e-01 nan 5.206707441893254629e-02 nan 4.544567257984195169e-02 nan 4.117340440788241906e-02 nan -7.776081069236934554e-03 nan -7.390793963620077497e-03 nan
1.109139993987274102e+04 8.792703625360266395e-01 nan 5.162420760892358351e-02 nan 4.539163573993334339e-02 nan 2.594008458796981387e-03 nan -6.664785840208014601e-03 nan -7.168043612240704993e-03 nan
1.172756859566785170e+04 8.872306327811387838e-01 nan 5.138736479805069979e-02 nan 4.559244418672973864e-02 nan 1.285394126460381869e-02 nan -7.212115931666565789e-03 nan -8.113598895900379568e-03 nan
1.240022593285666881e+04 8.740188234162514780e-01 nan 5.234792260832089872e-02 nan 4.575306972640962033e-02 nan 1.701057906819070098e-02 nan -7.198836074477318533e-03 nan -6.476726500532129990e-03 nan
1.311146483020289816e+04 8.780375667124250549e-01 nan 5.189440006998365107e-02 nan 4.556523276344954382e-02 nan 3.303279734355601960e-02 nan -8.484828562628372525e-03 nan -7.041064059643060112e-03 nan
1.386349820757212910e+04 8.761171991860335906e-01 nan 5.205493176445355474e-02 nan 4.560622102129314320e-02 nan 2.901605307843446724e-03 nan -8.159887194979087779e-03 nan -7.887645005403813234e-03 nan
1.465866591112085553e+04 8.755572158040597630e-01 nan 5.173758148972803367e-02 nan 4.529921280158193814e-02 nan 1.440164193009429994e-02 nan -8.364630057697618887e-03 nan -8.076824654631808639e-03 nan
1.549944199339910301e+04 8.794059122992505806e-01 nan 5.203226968065965269e-02 nan 4.575748558752113643e-02 nan 1.992280508189026023e-02 nan -8.008268004492282224e-03 nan -6.914960726197597225e-03 nan
1.638844241101709486e+04 8.993811147451861165e-01 nan 5.121370132904685263e-02 nan 4.606063579154517917e-02 nan 3.557260502984149753e-02 nan -7.337324204706759459e-03 nan -8.123178160901753722e-03 nan
1.732843316382660487e+04 8.949188712892325315e-01 nan 5.083793912192386549e-02 nan 4.549583109766282274e-02 nan 1.430073530400344239e-02 nan -8.207738107218575177e-03 nan -7.886917072708006515e-03 nan
1.832233890094079106e+04 8.770861942912842046e-01 nan 5.137683652179272226e-02 nan 4.506191401962463677e-02 nan 9.068020351324701522e-03 nan -8.514632128302663042e-03 nan -8.823533410179154254e-03 nan
1.937325202036868359e+04 8.750517616896636985e-01 nan 5.164114826365714256e-02 nan 4.518867776379029838e-02 nan 1.838979699969911508e-02 nan -8.877615929535002948e-03 nan -6.124300021081352866e-03 nan
2.048444229057719713e+04 8.639272344021290406e-01 nan 5.163164096626637889e-02 nan 4.460598078763017976e-02 nan 1.835011032709044088e-02 nan -1.027177809926300110e-02 nan -7.167312314034864421e-03 nan
2.165936702391600193e+04 8.640775937792632977e-01 nan 5.200249208970324916e-02 nan 4.493418823539595958e-02 nan 2.235757664472615147e-02 nan -9.564209459798883595e-03 nan -7.781489112786674905e-03 nan
2.290168183355902511e+04 8.841752633320354438e-01 nan 5.153886659159673950e-02 nan 4.556939094045969058e-02 nan 3.363660384210653831e-02 nan -8.680726875328613132e-03 nan -6.397381978764165797e-03 nan
2.421525200743103051e+04 8.947855875288591720e-01 nan 5.123569084205967933e-02 nan 4.584495773255935908e-02 nan 2.269300140539742827e-02 nan -9.051329444838978472e-03 nan -8.132571418374588343e-03 nan
2.560416453450775589e+04 8.698527682618016899e-01 nan 5.244006594329916199e-02 nan 4.561513652861020479e-02 nan 2.288931079145672953e-02 nan -7.733227538135298111e-03 nan -7.142320508451165464e-03 nan
2.707274082090768206e+04 8.624744801679057327e-01 nan 5.184078024059926570e-02 nan 4.471134998950949263e-02 nan 3.050803462039342051e-02 nan -7.779952159429798925e-03 nan -6.540480375717857425e-03 nan
2.862555013533980673e+04 8.701080021780103202e-01 nan 5.174998192038345046e-02 nan 4.502807338149299871e-02 nan 1.879951851950023567e-02 nan -7.790016109123027756e-03 nan -5.937099941703160265e-03 nan
3.026742382574102885e+04 8.780092554662271009e-01 nan 5.165123797086791646e-02 nan 4.535026499471065536e-02 nan 4.516514738816113095e-02 nan -7.835057474468179461e-03 nan -6.653356080100719487e-03 nan
3.200347035133626923e+04 8.739507928905647649e-01 nan 5.207771100663826508e-02 nan 4.551335682617720091e-02 nan 1.714760007561721977e-02 nan -7.749163200038004275e-03 nan -4.906561971401309473e-03 nan
3.383909117689113191e+04 8.733429447089167130e-01 nan 5.137289370662311005e-02 nan 4.486615426796040224e-02 nan 2.149918097913205983e-02 nan -8.933353658502297609e-03 nan -5.322827670090618003e-03 nan
3.577999757861070248e+04 8.851237795167012923e-01 nan 5.090974164926374140e-02 nan 4.506142294281514221e-02 nan 4.288047393870320079e-02 nan -7.350138028546116843e-03 nan -6.186793171594253890e-03 nan
3.783222841397252341e+04 8.674125134044884389e-01 nan 5.169080448465663419e-02 nan 4.483725063793601168e-02 nan 4.514088890788947595e-02 nan -8.888306915635163508e-03 nan -6.645729940319189226e-03 nan
4.000216891078303161e+04 9.158247928425795603e-01 nan 4.983762549456392105e-02 nan 4.564253304432506347e-02 nan 3.517476688542142682e-02 nan -7.611280184134890277e-03 nan -6.206521973396796760e-03 nan
4.229657053391608497e+04 8.858239645356424941e-01 nan 5.173882510701331011e-02 nan 4.583149117671076606e-02 nan 4.314209743505736938e-02 nan -7.739648604327071038e-03 nan -6.468530666205524020e-03 nan
4.472257199154752743e+04 8.900871576246965899e-01 nan 5.208916313593925373e-02 nan 4.636389515871729844e-02 nan 3.121351185847220933e-02 nan -6.993407402694538401e-03 nan -7.933567856959478082e-03 nan
4.728772144624200155e+04 8.854124739135752487e-01 nan 5.123937835966784621e-02 nan 4.536798475522722113e-02 nan 5.056486559373096767e-02 nan -7.564563881760832595e-03 nan -6.205307623718085176e-03 nan
4.999999999999999272e+04 8.913594729506538750e-01 nan 5.187523259009049065e-02 nan 4.623947998069564275e-02 nan 2.943541868840959808e-02 nan -7.059940928514190674e-03 nan -7.887083663298884162e-03 nan
