1.000000000000000000e+00 1.590368066322241924e-01 nan 3.223923912514182089e+00 nan 5.127225638715215972e-01 nan 5.402398382056361470e-03 nan -4.856538818641837132e-03 nan -2.090627554101858951e-02 nan
1.176811952434998476e+00 1.590506647995685863e-01 nan 3.223941583865890692e+00 nan 5.127700521888439722e-01 nan 6.970786551601548808e-03 nan -4.825595960310223066e-03 nan -2.123260494313468014e-02 nan
1.384886371393873050e+00 1.590288181301166004e-01 nan 3.223908891651266373e+00 nan 5.126944207984750479e-01 nan 7.996251638015650087e-03 nan -4.823016777158770779e-03 nan -2.158141364069744023e-02 nan
1.629750834620644184e+00 1.591858521834508267e-01 nan 3.223925581372948379e+00 nan 5.132033410468799239e-01 nan 9.537337855643812645e-03 nan -4.753565255218757980e-03 nan -2.198325317400806958e-02 nan
1.917910261672488570e+00 1.591107980486408113e-01 nan 3.223927859347437419e+00 nan 5.129617345520169902e-01 nan 1.094515855437450114e-02 nan -4.787143248631628087e-03 nan -2.274496855374748619e-02 nan
2.257019719633920118e+00 1.590663432948526690e-01 nan 3.223945998473701557e+00 nan 5.128213009572843983e-01 nan 1.351863180835621847e-02 nan -4.758367958631482680e-03 nan -2.251769471840489589e-02 nan
2.656087782946686016e+00 1.590933229908647051e-01 nan 3.223784781698836976e+00 nan 5.128826335278473536e-01 nan 1.549751672423482773e-02 nan -4.771199226026980392e-03 nan -2.219551721971049774e-02 nan
3.125715849688236236e+00 1.591154572589973948e-01 nan 3.223913899851188702e+00 nan 5.129745343384594092e-01 nan 1.817608784497437568e-02 nan -4.764818981502802302e-03 nan -2.251452884757832243e-02 nan
3.678379771828633515e+00 1.591281516532623008e-01 nan 3.223911996515608447e+00 nan 5.130151570983073617e-01 nan 2.076995513558799189e-02 nan -4.729108601677499586e-03 nan -2.236080460156924382e-02 nan
4.328761281083058243e+00 1.591966696598207387e-01 nan 3.223927138808159842e+00 nan 5.132384637241736991e-01 nan 2.435227378326132452e-02 nan -4.728712520341957389e-03 nan -2.225594509923169845e-02 nan
5.094138014816379290e+00 1.591052621495406549e-01 nan 3.223900201378961050e+00 nan 5.129394866843565159e-01 nan 2.938535230478223070e-02 nan -4.728048762342832410e-03 nan -2.199306317578970937e-02 nan
5.994842503189410365e+00 1.592212422736061228e-01 nan 3.223929000263798805e+00 nan 5.133179804239070831e-01 nan 3.489950968483057636e-02 nan -4.739808311985295973e-03 nan -2.216266881889150317e-02 nan
7.054802310718641500e+00 1.592386773919139686e-01 nan 3.223933214639785216e+00 nan 5.133748610991009098e-01 nan 4.073439459501670967e-02 nan -4.770027476391561216e-03 nan -2.238606401135951815e-02 nan
8.302175681319743816e+00 1.592343404115088845e-01 nan 3.223933575623463277e+00 nan 5.133609364449195356e-01 nan 4.796740452365710894e-02 nan -4.742802331177843785e-03 nan -2.274450777574887894e-02 nan
9.770099572992251069e+00 1.593088999919661242e-01 nan 3.223909542666913097e+00 nan 5.135974829158684862e-01 nan 5.661887730922998685e-02 nan -4.774087827013173864e-03 nan -2.242669184887147865e-02 nan
1.149756995397735615e+01 1.595581774915163786e-01 nan 3.223942006735642352e+00 nan 5.144063109330810901e-01 nan 6.638609487364632855e-02 nan -4.761581011981513845e-03 nan -2.264124337492206054e-02 nan
1.353047774579806806e+01 1.595925746396513745e-01 nan 3.223941058775853019e+00 nan 5.145170540565220385e-01 nan 7.750762490539031546e-02 nan -4.733006599661125982e-03 nan -2.236341963240263270e-02 nan
1.592282793341092173e+01 1.599801477674441808e-01 nan 3.223939691428950205e+00 nan 5.157663482281318323e-01 nan 9.181087062001935806e-02 nan -4.756860881893422779e-03 nan -2.319137081452678564e-02 nan
1.873817422860383886e+01 1.603047117078953976e-01 nan 3.223934859864364899e+00 nan 5.168119482755911820e-01 nan 1.071384692154460083e-01 nan -4.736574296044399404e-03 nan -2.308474948374471258e-02 nan
2.205130739903045622e+01 1.607924312714927029e-01 nan 3.223949056729296991e+00 nan 5.183866071269391806e-01 nan 1.265679185052057676e-01 nan -4.755206206480890214e-03 nan -2.278353096235753716e-02 nan
2.595024211399735847e+01 1.613290589098111683e-01 nan 3.223943020767120249e+00 nan 5.201156935192132735e-01 nan 1.478654221627699883e-01 nan -4.746768018239560204e-03 nan -2.277605259395629189e-02 nan
3.053855508833415655e+01 1.622913419214994657e-01 nan 3.223937555754850415e+00 nan 5.232171521945736536e-01 nan 1.737415525701031527e-01 nan -4.772729440759155596e-03 nan -2.274617803841068667e-02 nan
3.593813663804627367e+01 1.634645837969176951e-01 nan 3.223943285106224632e+00 nan 5.270005472847565375e-01 nan 2.032108151876492741e-01 nan -4.755264932487052350e-03 nan -2.276516142085959968e-02 nan
4.229242874389498752e+01 1.650631934387953026e-01 nan 3.223966972974355638e+00 nan 5.321582841003533737e-01 nan 2.368416166571840620e-01 nan -4.783007793821381602e-03 nan -2.304065485229450649e-02 nan
4.977023564332108663e+01 1.673925942708250902e-01 nan 3.223928757733484751e+00 nan 5.396617985013263397e-01 nan 2.754091810189400746e-01 nan -4.709552741590875176e-03 nan -2.314248086466737242e-02 nan
5.857020818056664524e+01 1.704784310551938353e-01 nan 3.223951143145722398e+00 nan 5.496141326820813688e-01 nan 3.200434723996075093e-01 nan -4.713296697018596118e-03 nan -2.300627461505179439e-02 nan
6.892612104349694846e+01 1.745811604175238618e-01 nan 3.223911010554712853e+00 nan 5.628341253054738313e-01 nan 3.693222672688953878e-01 nan -4.750080320011277300e-03 nan -2.262727730496662606e-02 nan
8.111308307896868541e+01 1.802354947220193848e-01 nan 3.223934369433366864e+00 nan 5.810674060261444840e-01 nan 4.237070711044701454e-01 nan -4.741017143855569965e-03 nan -2.293515621264288415e-02 nan
9.545484566618337396e+01 1.876840571429279625e-01 nan 3.223936305259575530e+00 nan 6.050814457414982472e-01 nan 4.824895197196887864e-01 nan -4.693079859476611583e-03 nan -2.259718380753329356e-02 nan
1.123324032978027702e+02 1.974984643837908171e-01 nan 3.223919037034010060e+00 nan 6.367190591118866427e-01 nan 5.436447145721636787e-01 nan -4.753457048818741579e-03 nan -2.257991851678572623e-02 nan
1.321941148466028721e+02 2.101493317205039013e-01 nan 3.223912321054308361e+00 nan 6.775030197950615563e-01 nan 6.071693510820743711e-01 nan -4.702155260259336181e-03 nan -2.305154794415840286e-02 nan
1.555676143930472222e+02 2.263747023350425325e-01 nan 3.223930620382337242e+00 nan 7.298163345378806399e-01 nan 6.687352926844276624e-01 nan -4.738800347734502261e-03 nan -2.294588149754000703e-02 nan
1.830738280295367701e+02 2.469354758611685685e-01 nan 3.223861380830058909e+00 nan 7.960857441857145389e-01 nan 7.261262638502010702e-01 nan -4.724755298328241204e-03 nan -2.239680789123509735e-02 nan
2.154434690031882269e+02 2.723078509009889125e-01 nan 3.223926563029184678e+00 nan 8.779005138410888032e-01 nan 7.776487802228437829e-01 nan -4.723848537971114814e-03 nan -2.313604849010750947e-02 nan
2.535364493970111539e+02 3.036554314566909940e-01 nan 3.223922294098328756e+00 nan 9.789615151972730356e-01 nan 8.208482375992041113e-01 nan -4.700555125429159604e-03 nan -2.287515456764546359e-02 nan
2.983647240283337396e+02 3.414656460459045140e-01 nan 3.223929075090588459e+00 nan 1.100861024431983193e+00 nan 8.533522906905908201e-01 nan -4.773475627809073071e-03 nan -2.276199243238848438e-02 nan
3.511191734215130964e+02 3.855280262600355168e-01 nan 3.223887932522627509e+00 nan 1.242899151508995104e+00 nan 8.737915677834386941e-01 nan -4.765112418793135754e-03 nan -2.337305714646643190e-02 nan
4.132012400115334572e+02 4.370847292301441311e-01 nan 3.223901820724544010e+00 nan 1.409118254375955948e+00 nan 8.819844519894353141e-01 nan -4.664103582751082805e-03 nan -2.412686757638016904e-02 nan
4.862601580065353346e+02 4.957527418816344289e-01 nan 3.223924178448165812e+00 nan 1.598269251084173836e+00 nan 8.766359264993006661e-01 nan -4.681960214449537756e-03 nan -2.315101259311913573e-02 nan
5.722367659350214808e+02 5.610229751481943250e-01 nan 3.223941542797707172e+00 nan 1.808705276044229260e+00 nan 8.587993479745783532e-01 nan -4.689711376682032841e-03 nan -2.422402898077994499e-02 nan
6.734150657750820983e+02 6.319099731400640296e-01 nan 3.223952818190141123e+00 nan 2.037247938747365872e+00 nan 8.286092968571345807e-01 nan -4.691923692526396225e-03 nan -2.337557611996410670e-02 nan
7.924828983539169940e+02 7.065623004343807301e-01 nan 3.223938604954029508e+00 nan 2.277913477175527390e+00 nan 7.870920783034272006e-01 nan -4.671364967266482086e-03 nan -2.317083894026558677e-02 nan
9.326033468832199560e+02 7.827741620387680399e-01 nan 3.223970785348387658e+00 nan 2.523641029938552993e+00 nan 7.364859286760712109e-01 nan -4.786922908286368739e-03 nan -2.314161977866735151e-02 nan
1.097498765493055544e+03 8.574847337572022443e-01 nan 3.223961583896265193e+00 nan 2.764497840410736984e+00 nan 6.784962045811475662e-01 nan -4.687418373088923958e-03 nan -2.357241845781248360e-02 nan
1.291549665014884113e+03 9.284915951987645633e-01 nan 3.223985703372620915e+00 nan 2.993443628622455943e+00 nan 6.153136768559726022e-01 nan -4.668382106920219640e-03 nan -2.328226593424499724e-02 nan
1.519911082952933157e+03 9.928117797134380362e-01 nan 3.223983431047365844e+00 nan 3.200808727944771448e+00 nan 5.499851738892935771e-01 nan -4.673863863815047592e-03 nan -2.327907835312384779e-02 nan
1.788649529057435075e+03 1.049541662361277661e+00 nan 3.223990563931517173e+00 nan 3.383712415905757442e+00 nan 4.845350243410457836e-01 nan -4.730990272166685912e-03 nan -2.286257340599192125e-02 nan
2.104904144512019684e+03 1.097820557976247002e+00 nan 3.224031293826202571e+00 nan 3.539407833921162982e+00 nan 4.206932857875393950e-01 nan -4.703468700418668089e-03 nan -2.239968725068523792e-02 nan
2.477076355991709079e+03 1.138064719481524767e+00 nan 3.224105194303113819e+00 nan 3.669240373533500410e+00 nan 3.591444906058249842e-01 nan -4.575634073517621976e-03 nan -2.185182621944549777e-02 nan
2.915053062825175857e+03 1.170617428220422473e+00 nan 3.224158270164878992e+00 nan 3.774255862396016514e+00 nan 3.008957808163152947e-01 nan -4.664611617994317977e-03 nan -2.119713810978318680e-02 nan
3.430469286314915735e+03 1.197089136912291352e+00 nan 3.224245193469595261e+00 nan 3.859708895844121912e+00 nan 2.455284977256475543e-01 nan -4.637009480307170001e-03 nan -2.048725039930783878e-02 nan
4.037017258596553802e+03 1.218069444227749987e+00 nan 3.224400206433483351e+00 nan 3.927543367418275366e+00 nan 1.911565623625328669e-01 nan -4.609119496974841551e-03 nan -1.969006330784331404e-02 nan
4.750810162102793583e+03 1.233645632944510018e+00 nan 3.224566709449869339e+00 nan 3.977972639251079912e+00 nan 1.352175189929560872e-01 nan -4.638645737386133325e-03 nan -1.859135948411119385e-02 nan
5.590810182512223037e+03 1.241422395805004797e+00 nan 3.224703634963981713e+00 nan 4.003219312278093689e+00 nan 6.892005012349855519e-02 nan -4.568432044602038951e-03 nan -1.668253679997848404e-02 nan
6.579332246575675526e+03 1.220047464512272972e+00 nan 3.224885716361210353e+00 nan 3.934513641588339716e+00 nan -2.993885586973377144e-02 nan -4.543573964656150502e-03 nan -1.033385252432357862e-02 nan
7.742636826811270112e+03 1.137268410363337257e+00 nan 3.225073718993728633e+00 nan 3.667774461704574218e+00 nan -1.848314637639454361e-01 nan -4.525559549505147293e-03 nan -5.860907260780892809e-03 nan
9.111627561154886280e+03 1.011277833125543646e+00 nan 3.225270478193803303e+00 nan 3.261644540431615447e+00 nan -3.556959941677924064e-01 nan -4.487735014004405783e-03 nan -1.958402691699128676e-03 nan
1.072267222010323167e+04 8.809579145466621686e-01 nan 3.225521884947972318e+00 nan 2.841549033088384579e+00 nan -4.899133835722970787e-01 nan -4.525738579819770825e-03 nan -1.075329428763937851e-03 nan
1.261856883066020964e+04 7.663890640789403630e-01 nan 3.225728977059969527e+00 nan 2.472163411701307822e+00 nan -5.791305302576681413e-01 nan -4.602430406292923153e-03 nan 3.118568610067015950e-04 nan
1.484968262254463480e+04 6.689752997560781678e-01 nan 3.225973866292600967e+00 nan 2.158096834208367287e+00 nan -6.345937024139054472e-01 nan -4.593850623157205541e-03 nan 1.247690921490479492e-03 nan
1.747528400007683013e+04 5.875305963097953166e-01 nan 3.226192832393180332e+00 nan 1.895486998626352726e+00 nan -6.638672868784247783e-01 nan -4.582440843850179094e-03 nan 1.675408672977398610e-03 nan
2.056512308348651641e+04 5.202896782920838348e-01 nan 3.226440875444806622e+00 nan 1.678683885113607666e+00 nan -6.731927863295474879e-01 nan -4.667832852625421886e-03 nan 3.914621528463419799e-03 nan
2.420128264794383358e+04 4.645030320328807361e-01 nan 3.226710591406735329e+00 nan 1.498816853201038413e+00 nan -6.668883076866443105e-01 nan -4.538830573138121806e-03 nan 5.955500127699923409e-03 nan
2.848035868435799057e+04 4.188383621845841454e-01 nan 3.227008377636397807e+00 nan 1.351594903645160883e+00 nan -6.472151464880901983e-01 nan -4.511704208974336161e-03 nan 5.426566539181949811e-03 nan
3.351602650938840816e+04 3.808390440168117896e-01 nan 3.227372682923390190e+00 nan 1.229109527250517031e+00 nan -6.177004342993335229e-01 nan -4.512974873990657082e-03 nan 8.805358643183061607e-03 nan
3.944206059437656222e+04 3.499617565860950741e-01 nan 3.227797383521671115e+00 nan 1.129605642241245711e+00 nan -5.811265866170849392e-01 nan -4.569026872180493096e-03 nan 7.954260019491106101e-03 nan
4.641588833612772578e+04 3.245665976434463085e-01 nan 3.228316295512259515e+00 nan 1.047803636151308559e+00 nan -5.373394059492646591e-01 nan -4.521648118166769412e-03 nan 7.885587019145783375e-03 nan
5.462277217684336938e+04 3.046141598571212028e-01 nan 3.228906634790873920e+00 nan 9.835706818139065000e-01 nan -4.894202659833233326e-01 nan -4.518851278497730030e-03 nan 7.868785844819080680e-03 nan
6.428073117284318869e+04 2.883191380258513514e-01 nan 3.229544685543057625e+00 nan 9.311395399517435889e-01 nan -4.391697852069817998e-01 nan -4.783127483617729929e-03 nan 9.754665676768348864e-03 nan
7.564633275546290679e+04 2.760473836437019601e-01 nan 3.230203456396020023e+00 nan 8.916892127749641572e-01 nan -3.890685973162497646e-01 nan -4.644117072746094428e-03 nan 9.431624427574449368e-03 nan
8.902150854450374027e+04 2.667387498829080772e-01 nan 3.230803628468098321e+00 nan 8.617805209747438910e-01 nan -3.375463165480816485e-01 nan -4.555637824334306946e-03 nan 9.771204394082114511e-03 nan
1.047615752789664111e+05 2.599838922490070869e-01 nan 3.231324786341986055e+00 nan 8.400923950738807822e-01 nan -2.874789678248212965e-01 nan -4.543331411037845532e-03 nan 5.823835770454970084e-03 nan
1.232846739442065882e+05 2.560888413745380232e-01 nan 3.231657379883682069e+00 nan 8.275913941338874924e-01 nan -2.418520954344067775e-01 nan -4.533558279434387987e-03 nan 3.943575240805304895e-03 nan
1.450828778495940205e+05 2.536931457989675676e-01 nan 3.231829815419274166e+00 nan 8.198930725606122794e-01 nan -1.988249662319638844e-01 nan -4.572876859178191290e-03 nan 1.916782194842159889e-04 nan
1.707352647470688680e+05 2.536140315747903440e-01 nan 3.231860643614680395e+00 nan 8.196452073150157780e-01 nan -1.561652213944775269e-01 nan -4.498863128201378847e-03 nan -1.154849438939989717e-03 nan
2.009233002565045899e+05 2.570225717400911325e-01 nan 3.230981793929208035e+00 nan 8.304352499210982952e-01 nan -1.136790574995281133e-01 nan -4.513160364044780000e-03 nan -4.833851328486910535e-03 nan
2.364489412645407137e+05 2.650691664770420397e-01 nan 3.230122313268813716e+00 nan 8.562058291970593427e-01 nan -7.134501416283356434e-02 nan -4.374412774235262105e-03 nan -7.220967362435154815e-03 nan
2.782559402207125677e+05 2.814103244325678044e-01 nan 3.229064035933577603e+00 nan 9.086919579656048684e-01 nan -2.176201909982111715e-02 nan -4.734424795411003653e-03 nan -9.051735356218343007e-03 nan
3.274549162877724739e+05 3.011524027601827913e-01 nan 3.227690462708062036e+00 nan 9.720267382106589915e-01 nan 1.910401217584123401e-02 nan -4.704934354411870537e-03 nan -1.100492758024207082e-02 nan
3.853528593710527639e+05 3.202132271180043177e-01 nan 3.226141691598689132e+00 nan 1.033053242206753763e+00 nan 4.568409080728841332e-02 nan -4.366089269858526231e-03 nan 1.325517436097222151e-03 nan
4.534878508128582034e+05 3.354480782637203617e-01 nan 3.224556714826661619e+00 nan 1.081671353240978961e+00 nan 6.777266445111607140e-02 nan -4.566215407349609109e-03 nan 2.495908171656165478e-02 nan
5.336699231206302065e+05 3.478723895772138364e-01 nan 3.222958245340332706e+00 nan 1.121178186314125691e+00 nan 7.945098238311132377e-02 nan -4.424433295273895797e-03 nan 4.428155123851418296e-02 nan
6.280291441834246507e+05 3.576719503252651089e-01 nan 3.221474568586145448e+00 nan 1.152231091869448720e+00 nan 8.011123042644285874e-02 nan -4.678306843300931821e-03 nan 6.477123574012430551e-02 nan
7.390722033525775187e+05 3.638394538247711751e-01 nan 3.219911531817643446e+00 nan 1.171530853100613667e+00 nan 7.136495519151608846e-02 nan -4.537120349841673381e-03 nan 9.271946191410590510e-02 nan
8.697490026177833788e+05 3.678738191965995052e-01 nan 3.218366380336828314e+00 nan 1.183952731908444855e+00 nan 6.474446800654121148e-02 nan -4.539170278375654483e-03 nan 1.141284521637742216e-01 nan
1.023531021899024723e+06 3.710705569726167607e-01 nan 3.216628654710350421e+00 nan 1.193596186477448695e+00 nan 6.344828675547731223e-02 nan -4.497855935183324265e-03 nan 1.358748604501081592e-01 nan
1.204503540258781053e+06 3.762976853726654469e-01 nan 3.214548461067108676e+00 nan 1.209627145417816685e+00 nan 6.509924178512349613e-02 nan -4.558244758290808975e-03 nan 1.443690643529105255e-01 nan
1.417474162926804740e+06 3.867066376920004211e-01 nan 3.211783340301620271e+00 nan 1.242017936523221566e+00 nan 6.933056566409945276e-02 nan -4.937081686872698758e-03 nan 1.587081508754563663e-01 nan
1.668100537200059043e+06 4.022341200501688974e-01 nan 3.208808009629342983e+00 nan 1.290692066163192653e+00 nan 5.807888146826023501e-02 nan -4.589621751479117974e-03 nan 1.627247161219802229e-01 nan
1.963040650040268432e+06 4.182145463121713092e-01 nan 3.203153544197468339e+00 nan 1.339605406254767761e+00 nan 2.691656864425340245e-02 nan -4.552510100111524169e-03 nan 1.671339420972732526e-01 nan
2.310129700083157979e+06 4.331414352146125135e-01 nan 3.197302190935226385e+00 nan 1.384884059796509082e+00 nan -7.000601768712755302e-03 nan -6.218220277138728630e-03 nan 1.671906861863507454e-01 nan
2.718588242732940242e+06 4.461568468479404914e-01 nan 3.188217875828490477e+00 nan 1.422445234543878056e+00 nan -5.441835866446531611e-02 nan -6.703270137916345767e-03 nan 1.711421549693610822e-01 nan
3.199267137797384523e+06 4.508464236312621498e-01 nan 3.175752150560019693e+00 nan 1.431776499419274540e+00 nan -1.186258054473761092e-01 nan -6.740687828502052968e-03 nan 1.665473123533331989e-01 nan
3.764935806792463642e+06 4.487172056948683929e-01 nan 3.159132637401209642e+00 nan 1.417557169474130685e+00 nan -1.914484876198301322e-01 nan -7.175270690787880976e-03 nan 1.699009998709324620e-01 nan
4.430621457583877258e+06 3.935295912647844285e-01 nan 3.132882236916676888e+00 nan 1.232881866174523333e+00 nan -2.590478490483789642e-01 nan -7.979688839485445107e-03 nan 4.450614216651402888e-01 nan
5.214008287999684922e+06 3.710214191480735169e-01 nan 3.095590039514056535e+00 nan 1.148530209561146265e+00 nan -3.197466151158332437e-01 nan -5.459544866083613016e-03 nan 4.462103757996075393e-01 nan
6.135907273413163610e+06 3.903237443509386950e-01 nan 3.046089270310990305e+00 nan 1.188960969615004304e+00 nan -4.299225845274072810e-01 nan -5.721542814846160632e-03 nan 1.324098816911103427e-01 nan
7.220809018385455944e+06 3.568458536084015975e-01 nan 2.972928470258352718e+00 nan 1.060877197686061368e+00 nan -4.989161543292404133e-01 nan -6.015819277179748278e-03 nan 1.150102118106121479e-01 nan
8.497534359086439013e+06 3.213907606392877314e-01 nan 2.846747920923915043e+00 nan 9.149184796540479336e-01 nan -5.608647475405916794e-01 nan -6.979062640009081608e-03 nan 8.970442595779401507e-02 nan
1.000000000000000000e+07 2.933369874673889544e-01 nan 2.632173643667765628e+00 nan 7.721138871245628588e-01 nan -6.034302318739754867e-01 nan -8.691644955394884839e-03 nan 7.612737512762951519e-02 nan
