1.000000000000000000e+03 1.007335628789728599e+00 nan 5.069306798071485098e-02 nan 5.106493350963384886e-02 nan -8.297915217848039759e-02 nan -8.145728115167229569e-03 nan -9.982284399856542964e-03 nan
1.014246386967327453e+03 9.928251893900156277e-01 nan 5.057722903310778173e-02 nan 5.021434699361743137e-02 nan -8.447945018145341933e-02 nan -8.403148682521840301e-03 nan -1.087826977206073596e-02 nan
1.028695733476277837e+03 1.005594531884679288e+00 nan 5.012710659406070107e-02 nan 5.040754429018789312e-02 nan -9.669303993072597692e-02 nan -9.058671284239231888e-03 nan -9.944652334819118616e-03 nan
1.043350930967018485e+03 1.000782533181371781e+00 nan 5.074096516827873021e-02 nan 5.078067165717774223e-02 nan -9.711219414748573087e-02 nan -7.563712790927553699e-03 nan -9.899429220353594266e-03 nan
1.058214912072296102e+03 9.982295363954503120e-01 nan 5.098518106845108255e-02 nan 5.089491366099801323e-02 nan -9.787147409628138561e-02 nan -7.275745032820085320e-03 nan -1.044203870299115905e-02 nan
1.073290651204274354e+03 9.962128100627640759e-01 nan 5.037593835149312832e-02 nan 5.018515510468953694e-02 nan -9.525761979750324571e-02 nan -7.581230174822338463e-03 nan -1.113167988811926065e-02 nan
1.088581165149745402e+03 9.985843914548933054e-01 nan 5.022596828062412394e-02 nan 5.015486797073981373e-02 nan -1.068129495983436428e-01 nan -7.244224401078078364e-03 nan -1.056314125786381349e-02 nan
1.104089513673812917e+03 9.818100391493310708e-01 nan 5.078426303933986780e-02 nan 4.986049928282420413e-02 nan -1.074742825957053505e-01 nan -8.244768472564075953e-03 nan -9.796235474640176480e-03 nan
1.119818800132177330e+03 9.959791837500823197e-01 nan 5.027709176527748319e-02 nan 5.007493681770905369e-02 nan -1.117907808948865878e-01 nan -8.255374076566141667e-03 nan -1.025865867891143958e-02 nan
1.135772172092148594e+03 9.904176141076179718e-01 nan 5.058717540590305234e-02 nan 5.010242956995807073e-02 nan -1.366801548193667948e-01 nan -8.374970639822986937e-03 nan -9.163717595138249489e-03 nan
1.151952821962495364e+03 9.933889549776809824e-01 nan 5.074620591311883311e-02 nan 5.041072046111533256e-02 nan -1.394256038675707465e-01 nan -8.140606319784946671e-03 nan -8.350150689159788892e-03 nan
1.168363987632277940e+03 9.797684918167681722e-01 nan 5.063460898702512591e-02 nan 4.961019448094938084e-02 nan -1.393064540719515243e-01 nan -8.393692085564632976e-03 nan -9.763413504470776216e-03 nan
1.185008953118777072e+03 9.845184089828490359e-01 nan 5.041507044976935997e-02 nan 4.963456494796517765e-02 nan -1.472666668080266916e-01 nan -7.240689349724148752e-03 nan -9.143449032238407798e-03 nan
1.201891049224653671e+03 9.707107427798267185e-01 nan 5.090708244103146068e-02 nan 4.941605180908752171e-02 nan -1.657821615340364652e-01 nan -8.097540801046371889e-03 nan -9.204754756359097637e-03 nan
1.219013654204475415e+03 9.709535178359061103e-01 nan 5.073341850780036660e-02 nan 4.925979117199003054e-02 nan -1.644517582208657736e-01 nan -7.343514490010878866e-03 nan -1.001186425784463853e-02 nan
1.236380194440728246e+03 9.744393820489116731e-01 nan 5.069907924281494283e-02 nan 4.940317944781739967e-02 nan -1.773573308072382559e-01 nan -7.976992117870050983e-03 nan -9.975990371614113297e-03 nan
1.253994145129470326e+03 9.575274080940747723e-01 nan 5.047339670962335684e-02 nan 4.832966072906965532e-02 nan -2.006856173362159268e-01 nan -8.593566100770328245e-03 nan -1.119451887756121346e-02 nan
1.271859030975747828e+03 9.475673056681546136e-01 nan 5.083735765462672057e-02 nan 4.817181802008297514e-02 nan -2.043720066690593029e-01 nan -8.187636517825162830e-03 nan -1.025100939453524838e-02 nan
1.289978426898917178e+03 9.488644769651706223e-01 nan 5.023112343504824995e-02 nan 4.766252866556998369e-02 nan -2.324664466083277148e-01 nan -8.075192573857961284e-03 nan -9.141704530834505321e-03 nan
1.308355958748023340e+03 9.193687892880386681e-01 nan 5.078198045127892135e-02 nan 4.668736788514114833e-02 nan -2.535165857109440424e-01 nan -7.473438957556395937e-03 nan -9.621572988689099451e-03 nan
1.326995304027356497e+03 8.969887599311558990e-01 nan 5.111272006948390512e-02 nan 4.584753539183467064e-02 nan -2.867123972222569428e-01 nan -7.290267664204291842e-03 nan -9.492403325828910679e-03 nan
1.345900192632356493e+03 8.718068431052762302e-01 nan 5.045698397880353514e-02 nan 4.398874391517421101e-02 nan -3.122349249753133549e-01 nan -7.666897726787550923e-03 nan -9.691793453182537266e-03 nan
1.365074407595997627e+03 8.150335009328762981e-01 nan 5.084038354445249985e-02 nan 4.143661578900531550e-02 nan -3.677932974940021360e-01 nan -8.074066802078713745e-03 nan -9.387256106140344850e-03 nan
1.384521785845804288e+03 7.453207957404673900e-01 nan 5.120939063449192474e-02 nan 3.816742377708395861e-02 nan -3.829642675887621195e-01 nan -6.318651221477011859e-03 nan -8.497652021747086407e-03 nan
1.404246218971658891e+03 6.535495269585147593e-01 nan 5.070002986228135111e-02 nan 3.313498053327654930e-02 nan -3.811204447172631404e-01 nan -7.452220894640537718e-03 nan -9.701520187400215073e-03 nan
1.424251654004535567e+03 5.434093055223279123e-01 nan 5.054047186720714291e-02 nan 2.746416271812978510e-02 nan -3.245166120161688816e-01 nan -7.839870319802160967e-03 nan -9.043185599226193430e-03 nan
1.444542094206340380e+03 4.758528694359706046e-01 nan 5.027609622207238060e-02 nan 2.392402465131210354e-02 nan -9.890287586352108917e-02 nan -7.919714782915636409e-03 nan -9.794360125492316410e-03 nan
1.465121599870996079e+03 5.068993667143737447e-01 nan 5.086629192258065868e-02 nan 2.578409116266459911e-02 nan 1.714555583532018090e-01 nan -7.810411895679402784e-03 nan -9.726995803430612403e-03 nan
1.485994289136948055e+03 6.009215558508490540e-01 nan 5.086074676514573678e-02 nan 3.056331907784741453e-02 nan 3.219123900850626718e-01 nan -7.846850374651230878e-03 nan -1.031693881622570454e-02 nan
1.507164338811231801e+03 7.014329970755377452e-01 nan 5.057307881758194706e-02 nan 3.547362624635389677e-02 nan 3.605001983701248136e-01 nan -7.339510128587064218e-03 nan -9.910629822090269783e-03 nan
1.528635985205292855e+03 7.785512678180956936e-01 nan 5.139270236482554322e-02 nan 4.001185358273297299e-02 nan 3.306565210094944973e-01 nan -8.219630397027017504e-03 nan -9.273506572357693295e-03 nan
1.550413524982709305e+03 8.424302912463339510e-01 nan 5.098069349191417660e-02 nan 4.294768046633334196e-02 nan 3.015916073238185113e-01 nan -7.875112975241294055e-03 nan -1.038970433617324336e-02 nan
1.572501316018991247e+03 8.831282618815873287e-01 nan 5.050123953061626952e-02 nan 4.459907188953885632e-02 nan 2.803267352905507437e-01 nan -8.527518705082018369e-03 nan -9.718269675332754862e-03 nan
1.594903778273627722e+03 9.050031957891905288e-01 nan 5.080336664961033338e-02 nan 4.597720917474733271e-02 nan 2.539764717649015680e-01 nan -7.510555357013477297e-03 nan -1.042716939558059087e-02 nan
1.617625394674566451e+03 9.331963902052240467e-01 nan 5.054696966990753632e-02 nan 4.717024963177066099e-02 nan 2.094787520037084683e-01 nan -6.903495927817992518e-03 nan -9.319821121245640966e-03 nan
1.640670712015276195e+03 9.424740359591999850e-01 nan 5.069982885854852628e-02 nan 4.778327232675694952e-02 nan 1.870665486583287240e-01 nan -7.881842928846477178e-03 nan -9.268814728490353330e-03 nan
1.664044341864606622e+03 9.598474646230714669e-01 nan 5.056631215590906558e-02 nan 4.853594651818811390e-02 nan 1.796700922307628012e-01 nan -8.875145199105757138e-03 nan -9.101305328305685227e-03 nan
1.687750961489599831e+03 9.606992458075502839e-01 nan 5.074503708910832467e-02 nan 4.875071885998253501e-02 nan 1.601524439733412741e-01 nan -7.306437661280472916e-03 nan -9.250315671728709388e-03 nan
1.711795314791459532e+03 9.615927206177837805e-01 nan 5.105763417923131486e-02 nan 4.909664935871458497e-02 nan 1.528728041911473490e-01 nan -8.145904349705360842e-03 nan -7.745626353537585738e-03 nan
1.736182213254836824e+03 9.872209273979448696e-01 nan 5.035025574925017233e-02 nan 4.970682617549845861e-02 nan 1.380101865350304990e-01 nan -7.531871490046629890e-03 nan -1.034502989302086250e-02 nan
1.760916536910656305e+03 9.764055450600631625e-01 nan 5.093773701796470987e-02 nan 4.973588887715198886e-02 nan 1.342187307846782751e-01 nan -7.597756352527815747e-03 nan -9.697215959879823544e-03 nan
1.786003235312651668e+03 9.808795083840355922e-01 nan 5.077583745252545883e-02 nan 4.980497847822087237e-02 nan 1.142536202702491011e-01 nan -8.205154469296137634e-03 nan -9.391120242660339068e-03 nan
1.811447328527814534e+03 9.796142933360089122e-01 nan 5.047086088499871948e-02 nan 4.944197671991803350e-02 nan 9.823423688356491823e-02 nan -8.211171451715007161e-03 nan -1.007683408447326498e-02 nan
1.837253908140951580e+03 9.905534585882017629e-01 nan 5.024918279373976476e-02 nan 4.977450180756968351e-02 nan 1.045913182029400978e-01 nan -7.951955484403538249e-03 nan -1.006664225434700591e-02 nan
1.863428138273562354e+03 9.876588578276173092e-01 nan 5.070832006976414702e-02 nan 5.008252148246050001e-02 nan 8.963353756920611204e-02 nan -8.268769795979492854e-03 nan -9.141611210566998741e-03 nan
1.889975256617213972e+03 9.862653747128047321e-01 nan 5.131078981729661481e-02 nan 5.060605534596600980e-02 nan 9.875252170899750936e-02 nan -9.326758196574906623e-03 nan -8.827077512781670438e-03 nan
1.916900575481656915e+03 9.850773108570791692e-01 nan 5.091978708527267194e-02 nan 5.015992693137543562e-02 nan 9.214874586834742587e-02 nan -8.978961659565189504e-03 nan -1.022939384231707875e-02 nan
1.944209482857859257e+03 9.920454226157566779e-01 nan 5.065046376487736951e-02 nan 5.024756073131184109e-02 nan 7.934628359215878390e-02 nan -8.905314984279781923e-03 nan -1.008221785550083432e-02 nan
1.971907443496199903e+03 9.954734563817463355e-01 nan 5.080649963120985324e-02 nan 5.057652179453839270e-02 nan 7.323626726805798626e-02 nan -8.295240627141802631e-03 nan -1.048919481891567862e-02 nan
2.000000000000000227e+03 9.878112475356355393e-01 nan 5.115765500329998161e-02 nan 5.053410700980739967e-02 nan 6.793306926394349077e-02 nan -8.700937711205619304e-03 nan -1.107123426308126955e-02 nan
