1.000000000000000000e+00 1.336517084039812663e-04 nan 1.999431000062410257e+00 nan 2.672273689942219316e-04 nan 1.441818543728526691e+00 nan -7.694780522990770505e-03 nan 5.670990274014219706e-02 nan
1.176811952434998476e+00 8.407276935228059044e-05 nan 1.999250442854000331e+00 nan 1.680825213595092021e-04 nan 2.128789842727108805e+00 nan -7.797284177105016229e-03 nan 5.675515111656697503e-02 nan
1.384886371393873050e+00 1.056834992231652187e-04 nan 1.999413848742630950e+00 nan 2.113050519303776248e-04 nan 9.018603095207602394e-01 nan -7.740240017667204299e-03 nan 5.682238196943006220e-02 nan
1.629750834620644184e+00 1.089477528683905537e-04 nan 1.999250883101216569e+00 nan 2.178138911340229066e-04 nan 1.827382156269674596e+00 nan -7.686008498063910677e-03 nan 5.691253043695968655e-02 nan
1.917910261672488570e+00 2.154288175788796631e-04 nan 1.999343135713530728e+00 nan 4.307161276612154620e-04 nan 1.487269548081812331e+00 nan -7.672661228627551677e-03 nan 5.689934733940256451e-02 nan
2.257019719633920118e+00 1.782883333178041823e-04 nan 1.999288214218828186e+00 nan 3.564497635350039420e-04 nan 1.749456790072649426e+00 nan -7.632823464212321746e-03 nan 5.685934668839104367e-02 nan
2.656087782946686016e+00 2.299966843623470637e-04 nan 1.999371177790744802e+00 nan 4.598487417015120087e-04 nan 1.374151034157922169e+00 nan -7.650852198775945009e-03 nan 5.694250336493923703e-02 nan
3.125715849688236236e+00 3.240232873342647774e-04 nan 1.999336896248581796e+00 nan 6.478317136111513700e-04 nan 1.671428325354202826e+00 nan -7.616725474380615923e-03 nan 5.699017451172398024e-02 nan
3.678379771828633515e+00 3.124883071363943141e-04 nan 1.999323007682817233e+00 nan 6.247650620896478754e-04 nan 1.690962642210724454e+00 nan -7.696289613353917390e-03 nan 5.686646705666961732e-02 nan
4.328761281083058243e+00 3.185422841219911257e-04 nan 1.999214038770225965e+00 nan 6.368342063586187457e-04 nan 1.794920960565505652e+00 nan -7.626722115202612048e-03 nan 5.692676998519559384e-02 nan
5.094138014816379290e+00 4.064596063597991963e-04 nan 1.999342964420461222e+00 nan 8.126521542965747281e-04 nan 1.486738967145836199e+00 nan -7.627135643815619037e-03 nan 5.701468062313822666e-02 nan
5.994842503189410365e+00 4.078415686399697337e-04 nan 1.999266953706174244e+00 nan 8.153841705295798757e-04 nan 1.675197112436610070e+00 nan -7.777646223876860665e-03 nan 5.685690800852375576e-02 nan
7.054802310718641500e+00 4.505643756386314516e-04 nan 1.999320042158624799e+00 nan 9.008223864970031462e-04 nan 1.593155407522385048e+00 nan -7.756765561979129565e-03 nan 5.691657657953360511e-02 nan
8.302175681319743816e+00 6.036882187111106482e-04 nan 1.999341375181003855e+00 nan 1.206978833378442688e-03 nan 1.611749890330891333e+00 nan -7.811344953835537043e-03 nan 5.679449500919395849e-02 nan
9.770099572992251069e+00 6.710475548537142175e-04 nan 1.999214780473571373e+00 nan 1.341568190064195082e-03 nan 1.650013845020502856e+00 nan -7.718554277989203571e-03 nan 5.692864573567407022e-02 nan
1.149756995397735615e+01 7.785376368108803307e-04 nan 1.999340977038596590e+00 nan 1.556562199442785470e-03 nan 1.585978824818681687e+00 nan -7.738531939454339724e-03 nan 5.680870981082015297e-02 nan
1.353047774579806806e+01 9.727998203121824335e-04 nan 1.999302363296969753e+00 nan 1.944920979765013850e-03 nan 1.635159270581073798e+00 nan -7.671865046761244984e-03 nan 5.693060746440749276e-02 nan
1.592282793341092173e+01 1.152159669898823518e-03 nan 1.999380897898430209e+00 nan 2.303606035324668681e-03 nan 1.650380326081666738e+00 nan -7.683409534586729470e-03 nan 5.696793616689285744e-02 nan
1.873817422860383886e+01 1.277452655649198663e-03 nan 1.999263183867888483e+00 nan 2.553964063573706342e-03 nan 1.735856871101194798e+00 nan -7.705412833236988113e-03 nan 5.689819330462767000e-02 nan
2.205130739903045622e+01 1.548405029435480189e-03 nan 1.999452824613520585e+00 nan 3.095962809750552481e-03 nan 1.644786833773057566e+00 nan -7.694660686482197344e-03 nan 5.702432436071816491e-02 nan
2.595024211399735847e+01 1.868334189799097803e-03 nan 1.999173157028629300e+00 nan 3.735123560605188488e-03 nan 1.748344441564089635e+00 nan -7.745829309821767282e-03 nan 5.694558085349323007e-02 nan
3.053855508833415655e+01 2.100050089098253088e-03 nan 1.999182957050824383e+00 nan 4.198384347078292639e-03 nan 1.823376235282932356e+00 nan -7.631476343865154117e-03 nan 5.689069969084351724e-02 nan
3.593813663804627367e+01 2.471105947734813721e-03 nan 1.999310985777396521e+00 nan 4.940509268326078417e-03 nan 1.836205391919644825e+00 nan -7.696484312192101128e-03 nan 5.698038710486444391e-02 nan
4.229242874389498752e+01 3.144389793013811774e-03 nan 1.999294816701712607e+00 nan 6.286562214862284961e-03 nan 1.798447877310618281e+00 nan -7.737029188312132683e-03 nan 5.697067304973286311e-02 nan
4.977023564332108663e+01 3.323271810970980945e-03 nan 1.999306661570565025e+00 nan 6.644239469883957833e-03 nan 1.937041179652297274e+00 nan -7.737848962089546347e-03 nan 5.688088583302730594e-02 nan
5.857020818056664524e+01 4.492177493509020951e-03 nan 1.999383650296077786e+00 nan 8.981586234749951853e-03 nan 1.965255820404820497e+00 nan -7.586094613084948951e-03 nan 5.708474042062993553e-02 nan
6.892612104349694846e+01 5.246928754936331860e-03 nan 1.999381664782723611e+00 nan 1.049061314904094558e-02 nan 1.983548857046873337e+00 nan -7.733680202284363460e-03 nan 5.696146304146033207e-02 nan
8.111308307896868541e+01 6.383696626071940286e-03 nan 1.999457666559299795e+00 nan 1.276393115998827703e-02 nan 2.028912382674480597e+00 nan -7.725635048774583125e-03 nan 5.704474246634709533e-02 nan
9.545484566618337396e+01 7.842934435813768076e-03 nan 1.999472407051277711e+00 nan 1.568173099472191037e-02 nan 2.113065404395083391e+00 nan -7.730247770886533414e-03 nan 5.693896634249893257e-02 nan
1.123324032978027702e+02 9.821809550000065378e-03 nan 1.999313884327339919e+00 nan 1.963688020253399197e-02 nan 2.197394515086941169e+00 nan -7.773040237138761042e-03 nan 5.694455479487193356e-02 nan
1.321941148466028721e+02 1.215553222222266402e-02 nan 1.999218385210700610e+00 nan 2.430156350068863463e-02 nan 2.271494373181003112e+00 nan -7.741325813067022853e-03 nan 5.706726445940795561e-02 nan
1.555676143930472222e+02 1.560855085582182541e-02 nan 1.999319296452549244e+00 nan 3.120647691570552565e-02 nan 2.361120751928094563e+00 nan -7.584504814323546687e-03 nan 5.701865883975166388e-02 nan
1.830738280295367701e+02 2.013297114594816625e-02 nan 1.999403387885600125e+00 nan 4.025393071741179690e-02 nan 2.428591886147483336e+00 nan -7.736398426567352854e-03 nan 5.696166087647178827e-02 nan
2.154434690031882269e+02 2.641001316274146568e-02 nan 1.999370320371642640e+00 nan 5.280339647820970345e-02 nan 2.510316970937150671e+00 nan -7.680421189500631109e-03 nan 5.704119733475090243e-02 nan
2.535364493970111539e+02 3.492270317516783101e-02 nan 1.999328920957153199e+00 nan 6.982197045611525377e-02 nan 2.581393287681869708e+00 nan -7.820492193534438544e-03 nan 5.693271444881244786e-02 nan
2.983647240283337396e+02 4.626029957130244757e-02 nan 1.999820117129609720e+00 nan 9.251227770713289777e-02 nan 2.640600374923572247e+00 nan -7.776972188513463571e-03 nan 5.722406957328421417e-02 nan
3.511191734215130964e+02 6.237281492085595958e-02 nan 1.999364883438590423e+00 nan 1.247060158339739488e-01 nan 2.704229443237334607e+00 nan -7.653183451874660120e-03 nan 5.800136724888873413e-02 nan
4.132012400115334572e+02 8.441519367249104844e-02 nan 1.999363317879750745e+00 nan 1.687766417004934461e-01 nan 2.754339610855325304e+00 nan -7.691110552136399235e-03 nan 5.887186710561813363e-02 nan
4.862601580065353346e+02 1.164122689389716220e-01 nan 1.999331321098087644e+00 nan 2.327466954497799945e-01 nan 2.792385072980490435e+00 nan -7.766718684703060455e-03 nan 6.057273334059710274e-02 nan
5.722367659350214808e+02 1.659784913141441609e-01 nan 1.999078288864296171e+00 nan 3.318039984045567659e-01 nan 2.823441270356376265e+00 nan -7.844794095965999456e-03 nan 6.050879460801846660e-02 nan
6.734150657750820983e+02 2.424785009180616402e-01 nan 1.998986095409023722e+00 nan 4.847111517708294071e-01 nan 2.844518362798449829e+00 nan -7.511749873556164761e-03 nan 6.130094654983365976e-02 nan
7.924828983539169940e+02 3.750863910420115799e-01 nan 1.999256358647466314e+00 nan 7.498938523328716466e-01 nan 2.853661424115156109e+00 nan -7.951592901534342353e-03 nan 6.046802871093313880e-02 nan
9.326033468832199560e+02 6.158722967939149751e-01 nan 1.999392320653772703e+00 nan 1.231370340713154654e+00 nan 2.853956609898531838e+00 nan -7.680066365510384262e-03 nan 6.105840364486278538e-02 nan
1.097498765493055544e+03 1.145822004674585504e+00 nan 1.998885354706171125e+00 nan 2.290366824244094879e+00 nan 2.806378093567754917e+00 nan -8.326796970398290393e-03 nan 5.851180501222379149e-02 nan
1.291549665014884113e+03 1.685986526726881651e+00 nan 1.999378263628572849e+00 nan 3.370924814308361217e+00 nan 2.444255804092396289e+00 nan -8.083745308613880798e-03 nan 1.751834806285306953e-02 nan
1.519911082952933157e+03 1.710140607530251211e+00 nan 1.998566040050938408e+00 nan 3.417828941922040009e+00 nan 1.168884870603299930e+00 nan -7.710464728984327970e-03 nan 1.601039140523663126e-02 nan
1.788649529057435075e+03 1.691047444343954043e+00 nan 1.999405346556929475e+00 nan 3.381089301502733235e+00 nan 4.405081891712683273e-01 nan -7.692867311515565014e-03 nan 1.783754965027867581e-02 nan
2.104904144512019684e+03 1.614540776738742967e+00 nan 1.999670509698432852e+00 nan 3.228549577950065697e+00 nan 1.021901787719414756e-01 nan -7.773768281704582749e-03 nan 2.565345477336238716e-02 nan
2.477076355991709079e+03 1.503476992621107344e+00 nan 1.999802752582730214e+00 nan 3.006657428288495471e+00 nan 5.443291879107547970e-02 nan -7.725172139029783981e-03 nan 4.056691821051579966e-02 nan
2.915053062825175857e+03 1.375304884643330672e+00 nan 2.000328412788209054e+00 nan 2.751061436998464504e+00 nan 3.287251024715942549e-02 nan -7.494629689319160827e-03 nan 5.993734898046304549e-02 nan
3.430469286314915735e+03 1.251279453226256777e+00 nan 2.000902146480318944e+00 nan 2.503687743807136989e+00 nan 2.093592947557709749e-02 nan -7.597285612565543925e-03 nan 6.269440523566190138e-02 nan
4.037017258596553802e+03 1.170811178083866810e+00 nan 2.001399181479155409e+00 nan 2.343260533483696673e+00 nan 1.385933103545866629e-02 nan -7.882279253533732918e-03 nan 6.084745159837543632e-02 nan
4.750810162102793583e+03 1.116643498185150518e+00 nan 2.001904306553698554e+00 nan 2.235413427902039896e+00 nan 9.583268269597766675e-03 nan -7.695810265129288293e-03 nan 6.089919515287020579e-02 nan
5.590810182512223037e+03 1.079986234149569180e+00 nan 2.002407560746692905e+00 nan 2.162572600763445596e+00 nan 6.835505957781151665e-03 nan -7.568134796281151926e-03 nan 5.880473549590704146e-02 nan
6.579332246575675526e+03 1.054554832892115046e+00 nan 2.003327526709390849e+00 nan 2.112618725157195954e+00 nan 4.997935667962138950e-03 nan -7.727968935919919680e-03 nan 5.718745314990127115e-02 nan
7.742636826811270112e+03 1.037411370490302742e+00 nan 2.004049932349887264e+00 nan 2.079024186850094935e+00 nan 3.687064536094908362e-03 nan -7.596280630647538057e-03 nan 5.694890945952101047e-02 nan
9.111627561154886280e+03 1.025875067208259939e+00 nan 2.005006187170465637e+00 nan 2.056885857016478525e+00 nan 2.904158132128742409e-03 nan -7.762775430824521428e-03 nan 5.820034764009533734e-02 nan
1.072267222010323167e+04 1.017935552154576095e+00 nan 2.005976952392846790e+00 nan 2.041955256643366301e+00 nan 2.256263187582874252e-03 nan -7.696256717395610208e-03 nan 5.625443183518576834e-02 nan
1.261856883066020964e+04 1.012422627456403212e+00 nan 2.006663809432021939e+00 nan 2.031591846366842979e+00 nan 1.794978305831307352e-03 nan -7.671001996969926962e-03 nan 5.660441885691269021e-02 nan
1.484968262254463480e+04 1.008395947796011383e+00 nan 2.007520550669294579e+00 nan 2.024375588412134164e+00 nan 1.452274592786295671e-03 nan -7.553845849187383610e-03 nan 5.625668701508274722e-02 nan
1.747528400007683013e+04 1.005620009914200974e+00 nan 2.008280087726372898e+00 nan 2.019566641729887646e+00 nan 1.234553804536631105e-03 nan -7.578494602493410053e-03 nan 5.699553450856535003e-02 nan
2.056512308348651641e+04 1.003535479573267608e+00 nan 2.009033912325274951e+00 nan 2.016136810684302727e+00 nan 1.019820410842697811e-03 nan -7.794856998644188358e-03 nan 5.710474056084491323e-02 nan
2.420128264794383358e+04 1.002011048057936060e+00 nan 2.010086443115072008e+00 nan 2.014128823552782332e+00 nan 9.104658736269755082e-04 nan -7.791941336966592795e-03 nan 5.807125682013871554e-02 nan
2.848035868435799057e+04 1.000964939080494442e+00 nan 2.010841608499727151e+00 nan 2.012781948152452927e+00 nan 7.068173897977203524e-04 nan -7.552369176839970367e-03 nan 5.630114522342009875e-02 nan
3.351602650938840816e+04 1.000222828854765655e+00 nan 2.012028066903854828e+00 nan 2.012476404813759334e+00 nan 6.804225899799121180e-04 nan -7.663965596904714905e-03 nan 5.549906902502394629e-02 nan
3.944206059437656222e+04 9.997416873671047810e-01 nan 2.013076507911513602e+00 nan 2.012556504818535430e+00 nan 5.135636553141864624e-04 nan -7.839282693331084753e-03 nan 5.767671243415609106e-02 nan
4.641588833612772578e+04 9.992924850044503371e-01 nan 2.014632519025436164e+00 nan 2.013207136307703760e+00 nan 5.403601980304983954e-04 nan -7.668548364751180506e-03 nan 5.616987535185098690e-02 nan
5.462277217684336938e+04 9.990673060823498375e-01 nan 2.016501193428409611e+00 nan 2.014620415030364597e+00 nan 3.200507235234795189e-04 nan -7.748866452383053847e-03 nan 5.657459016437044880e-02 nan
6.428073117284318869e+04 9.989837861263262120e-01 nan 2.018295438883348503e+00 nan 2.016244419057182657e+00 nan 2.160793186511966724e-04 nan -7.983909629478954176e-03 nan 5.701931183518565982e-02 nan
7.564633275546290679e+04 9.987201645317953513e-01 nan 2.020411127652610883e+00 nan 2.017825333831085644e+00 nan 6.946196377199953531e-05 nan -7.731513210578846648e-03 nan 5.643781219391896115e-02 nan
8.902150854450374027e+04 9.986345118401706022e-01 nan 2.022020496597181971e+00 nan 2.019259451550146078e+00 nan 6.696959081864406471e-05 nan -7.619349638044272885e-03 nan 5.730297038215236699e-02 nan
1.047615752789664111e+05 9.984505088110501303e-01 nan 2.023825879546149231e+00 nan 2.020689979177823670e+00 nan -1.265340555534066880e-04 nan -7.791854883276633226e-03 nan 5.740170444894891755e-02 nan
1.232846739442065882e+05 9.984999635608241553e-01 nan 2.024684064435737341e+00 nan 2.021646964561265136e+00 nan -1.707586385713000254e-04 nan -7.746041501771876170e-03 nan 5.665319716466904465e-02 nan
1.450828778495940205e+05 9.983366464804541707e-01 nan 2.024939149592487109e+00 nan 2.021570959931146216e+00 nan -4.453177739378588740e-04 nan -7.728424969515014509e-03 nan 5.660388812537583275e-02 nan
1.707352647470688680e+05 9.981655596723673085e-01 nan 2.024368843600773182e+00 nan 2.020655259756068745e+00 nan -6.437033848847306672e-04 nan -7.777696334059687640e-03 nan 5.602188047572041751e-02 nan
2.009233002565045899e+05 9.977354983753486950e-01 nan 2.022429341831677441e+00 nan 2.017849547301357127e+00 nan -6.057873328515483990e-04 nan -7.908468581902210540e-03 nan 5.695840695706892026e-02 nan
2.364489412645407137e+05 9.974394756400002393e-01 nan 2.020056499169661457e+00 nan 2.014884095294961597e+00 nan -5.840073462515249503e-04 nan -7.440111820347049959e-03 nan 5.675133160940944166e-02 nan
2.782559402207125677e+05 9.970511318062706962e-01 nan 2.016784022698329792e+00 nan 2.010836792440173326e+00 nan -3.412651911105513136e-05 nan -7.707552867320854352e-03 nan 5.698641555078724080e-02 nan
3.274549162877724739e+05 9.973584574369396272e-01 nan 2.012250814781892494e+00 nan 2.006935368607093206e+00 nan 4.298333574332957596e-04 nan -7.857406912066615748e-03 nan 5.683406687802622370e-02 nan
3.853528593710527639e+05 9.977729490454100292e-01 nan 2.007704322078202264e+00 nan 2.003233062251183583e+00 nan 5.697570673746099601e-04 nan -7.687547867505468806e-03 nan 5.553139892495338736e-02 nan
4.534878508128582034e+05 9.980484646978130536e-01 nan 2.003179316637222485e+00 nan 1.999270041484194183e+00 nan 5.457053499036135236e-04 nan -8.035658156964704465e-03 nan 5.679103753350064898e-02 nan
5.336699231206302065e+05 9.981687163381671724e-01 nan 1.998740880524439767e+00 nan 1.995080619005697997e+00 nan 3.334275554536247910e-04 nan -7.881695237965216302e-03 nan 5.713293423186857622e-02 nan
6.280291441834246507e+05 9.984266899731401024e-01 nan 1.994498330695463117e+00 nan 1.991360366473224675e+00 nan 1.101225732860200424e-04 nan -7.887412218456365740e-03 nan 5.671715391323529920e-02 nan
7.390722033525775187e+05 9.984765277386096205e-01 nan 1.990444558159717436e+00 nan 1.987412171087525659e+00 nan -2.175532798531776280e-05 nan -7.246812169355256426e-03 nan 5.832610936484237257e-02 nan
8.697490026177833788e+05 9.984074429907064951e-01 nan 1.986748346019822087e+00 nan 1.983584336015665972e+00 nan -2.100493567986916332e-04 nan -8.065448178036014118e-03 nan 5.657943437329980563e-02 nan
1.023531021899024723e+06 9.985339185082384716e-01 nan 1.982623277993553090e+00 nan 1.979716590700551171e+00 nan -2.832367471121699509e-04 nan -7.891811177810082942e-03 nan 5.786681991306266010e-02 nan
1.204503540258781053e+06 9.986132131584478655e-01 nan 1.978416021629564536e+00 nan 1.975672380323652666e+00 nan -2.453136244717768477e-04 nan -8.212984513090031830e-03 nan 5.552376335717606332e-02 nan
1.417474162926804740e+06 9.986534097585165748e-01 nan 1.973339258405751195e+00 nan 1.970681979017245844e+00 nan -4.671976425427715185e-04 nan -7.823329338306921066e-03 nan 5.690041505220729684e-02 nan
1.668100537200059043e+06 9.991251591953236311e-01 nan 1.966017586015803342e+00 nan 1.964297633608845350e+00 nan -6.766356958607389060e-04 nan -7.329833709854747907e-03 nan 5.781802790551214544e-02 nan
1.963040650040268432e+06 9.992431646107060583e-01 nan 1.956649886419939310e+00 nan 1.955169024541438816e+00 nan -1.166707726611093676e-03 nan -7.427068073474543501e-03 nan 5.522353662546773678e-02 nan
2.310129700083157979e+06 9.992537646035480892e-01 nan 1.944687941824482014e+00 nan 1.943236746847239349e+00 nan -1.547230486714568087e-03 nan -7.408284591003819891e-03 nan 5.447995542837949512e-02 nan
2.718588242732940242e+06 9.996376544642385786e-01 nan 1.930378487061599202e+00 nan 1.929679023034482466e+00 nan -1.588139247896691586e-03 nan -7.119735331800208268e-03 nan 5.720885940251599355e-02 nan
3.199267137797384523e+06 1.000045362012302430e+00 nan 1.915841909728621895e+00 nan 1.915928816172900451e+00 nan -2.785117660515368243e-03 nan -7.967076798460712497e-03 nan 6.744182713987847966e-02 nan
3.764935806792463642e+06 1.001211103882436726e+00 nan 1.903455020779771800e+00 nan 1.905760302545481677e+00 nan -6.559302640792630257e-03 nan -7.502577611417446911e-03 nan -8.209032649334536968e-02 nan
4.430621457583877258e+06 1.002574770917888491e+00 nan 1.850474797602420951e+00 nan 1.855239346295573410e+00 nan -9.964390384956445246e-03 nan -7.522728667206288709e-03 nan -8.354393557838560302e-02 nan
5.214008287999684922e+06 1.004195677568762379e+00 nan 1.775944074494140601e+00 nan 1.783395363210872109e+00 nan -1.243818597908230572e-02 nan -8.573793496673193584e-03 nan -2.256444158620713181e-01 nan
6.135907273413163610e+06 1.003024342205085739e+00 nan 1.659474206552119080e+00 nan 1.664493024433245649e+00 nan -1.435017823444972862e-02 nan -3.072563098967794840e-03 nan -4.599269582764711761e-01 nan
7.220809018385455944e+06 1.007059663107311653e+00 nan 1.558948444748236684e+00 nan 1.569954095569826791e+00 nan -1.962870772905489503e-02 nan -7.626978751306217295e-03 nan -1.731084274022007818e-01 nan
8.497534359086439013e+06 1.006013348179142453e+00 nan 1.375585902770488422e+00 nan 1.383857779754167350e+00 nan -2.533453335958801844e-02 nan -1.091355290745559502e-02 nan -5.392133581490476946e-01 nan
1.000000000000000000e+07 1.007054455668111137e+00 nan 1.239751564944548967e+00 nan 1.248497337398921658e+00 nan -3.074496682069849385e-02 nan -9.851485732559287639e-03 nan -6.855653151109232235e-01 nan
