1.000000000000000000e+02 1.263328460939984292e-02 nan 4.993204470346225554e-02 nan 6.308057318681146303e-04 nan 2.386874782585404198e-01 nan -2.986392131401751932e-03 nan -4.213536042998642511e-02 nan
1.072267222010323167e+02 8.982537372246485879e-03 nan 4.993610108967976718e-02 nan 4.485528942623269607e-04 nan 6.767884105459387456e-02 nan -3.046972871939459225e-03 nan -4.183931506257382305e-02 nan
1.149756995397735579e+02 2.908099309922798290e-03 nan 5.001446945249895387e-02 nan 1.454470441009670918e-04 nan 1.614379264503718048e-02 nan -2.900326311912644096e-03 nan -4.213323046255382232e-02 nan
1.232846739442065882e+02 1.702526589600158666e-02 nan 4.997777503979921460e-02 nan 8.508849089431329933e-04 nan -2.085804492892754602e+00 nan -3.017148498278837774e-03 nan -4.218422306566241287e-02 nan
1.321941148466028721e+02 1.360172014777750842e-02 nan 4.995091274815528087e-02 nan 6.794183363264600555e-04 nan -3.010639091457143479e-01 nan -2.990966701122605136e-03 nan -4.019839729799063593e-02 nan
1.417474162926804695e+02 2.455309162515014604e-02 nan 4.992900963011545623e-02 nan 1.225911548201228871e-03 nan 8.569884628468118493e-01 nan -3.011556215507010109e-03 nan -4.161103815418211449e-02 nan
1.519911082952933157e+02 1.492171673000303525e-02 nan 4.999155002955859434e-02 nan 7.459597484348481997e-04 nan 2.884340658189531226e+00 nan -3.011307802694729654e-03 nan -4.088934362359925717e-02 nan
1.629750834620643332e+02 7.214917577121440426e-03 nan 4.999029851158422882e-02 nan 3.606758834167768228e-04 nan -9.875239422547110735e-02 nan -3.078237683360996423e-03 nan -4.137876231956903045e-02 nan
1.747528400007682876e+02 4.919064856095796585e-03 nan 4.994625397686051210e-02 nan 2.456888626312094480e-04 nan 1.871628413624616627e+00 nan -3.072867234428198167e-03 nan -4.068385348106821203e-02 nan
1.873817422860383033e+02 2.176263892405282379e-03 nan 4.998436017039310092e-02 nan 1.087791582238072487e-04 nan 1.932298552341214837e+00 nan -3.029786942856219772e-03 nan -4.047243352025768626e-02 nan
2.009233002565048025e+02 5.659400885110859800e-03 nan 4.994202831781859031e-02 nan 2.826419592660941635e-04 nan 2.728501110172027566e+00 nan -3.039508241177066826e-03 nan -4.154070659667850191e-02 nan
2.154434690031884543e+02 1.073638251931430948e-02 nan 4.999326265400437508e-02 nan 5.367467912419414877e-04 nan -2.871589980777071283e+00 nan -3.083198401879539297e-03 nan -4.123702702141372745e-02 nan
2.310129700083160458e+02 1.968410023162438932e-02 nan 4.997688094271478948e-02 nan 9.837499337403566441e-04 nan 2.862219573189223709e+00 nan -3.022143740901850860e-03 nan -4.111972185969713089e-02 nan
2.477076355991711409e+02 2.587703997855955035e-02 nan 4.993706206455356816e-02 nan 1.292223351456262210e-03 nan -2.958213017478777296e+00 nan -2.949834560521068499e-03 nan -4.107744300558723027e-02 nan
2.656087782946686957e+02 1.419569450325063389e-02 nan 4.995767037189460108e-02 nan 7.091838266935112300e-04 nan 2.603539301816772955e+00 nan -2.899517402285542878e-03 nan -4.079155488695657139e-02 nan
2.848035868435802058e+02 2.979364385485436945e-02 nan 4.992708281516745894e-02 nan 1.487509724106919097e-03 nan 2.767453489291790802e+00 nan -2.952741683821728889e-03 nan -3.945210480544467796e-02 nan
3.053855508833415797e+02 2.843887553068866203e-02 nan 4.991210890376443499e-02 nan 1.419444252588334104e-03 nan -3.118186070561697942e+00 nan -2.880536749218869184e-03 nan -3.977071321274162907e-02 nan
3.274549162877728463e+02 4.959409645475820749e-02 nan 4.992230986486034805e-02 nan 2.475851850682211138e-03 nan -3.094579347382203416e+00 nan -2.974030436050927474e-03 nan -4.307182880917528878e-02 nan
3.511191734215130964e+02 3.203072060843083907e-02 nan 4.999386830809082055e-02 nan 1.601339627911142153e-03 nan 2.642144473649076453e+00 nan -3.004565119614522120e-03 nan -4.298025802657470806e-02 nan
3.764935806792467474e+02 5.569071179688858675e-02 nan 4.993644004789527663e-02 nan 2.780995890869941266e-03 nan -3.133154416706211975e+00 nan -3.036701125485598198e-03 nan -4.274103659917079939e-02 nan
4.037017258596553688e+02 5.553806331129056834e-02 nan 4.997043021760348008e-02 nan 2.775260917117689397e-03 nan -2.971327688976154846e+00 nan -3.053721458202060188e-03 nan -3.876870099809968939e-02 nan
4.328761281083056929e+02 7.065926388184913531e-02 nan 4.995707810144903172e-02 nan 3.529930364336433986e-03 nan -3.141520103295150967e+00 nan -3.120481262519445020e-03 nan -4.315442174190507740e-02 nan
4.641588833612781855e+02 7.829647505939718588e-02 nan 4.989249460648459422e-02 nan 3.906406459607729767e-03 nan 2.969020920284823006e+00 nan -2.938688043519046070e-03 nan -4.367467479439462313e-02 nan
4.977023564332113779e+02 8.360100373959442055e-02 nan 4.995207659238268261e-02 nan 4.176043742000291881e-03 nan 3.057005130620309430e+00 nan -2.915387640356101664e-03 nan -4.091470059318016300e-02 nan
5.336699231206312106e+02 1.158648718009912121e-01 nan 4.994496962753101899e-02 nan 5.786867502998281274e-03 nan 2.996278662744446208e+00 nan -2.934050227217690956e-03 nan -3.875065232666521919e-02 nan
5.722367659350220492e+02 1.496342781239883013e-01 nan 4.997614445443138848e-02 nan 7.478144298859002587e-03 nan 2.991558779392345713e+00 nan -3.068585280919385386e-03 nan -3.730213600288408843e-02 nan
6.135907273413175744e+02 1.907680588828539747e-01 nan 4.999999539958684125e-02 nan 9.538402066530810020e-03 nan 3.035118801988921255e+00 nan -2.952503633781309970e-03 nan -4.491676640970240775e-02 nan
6.579332246575681893e+02 2.136178279549152959e-01 nan 4.997635699017594774e-02 nan 1.067584082934083453e-02 nan 3.116238246576044091e+00 nan -3.076460882813792600e-03 nan -3.832638148413185231e-02 nan
7.054802310718645231e+02 2.557052973299019927e-01 nan 4.999793825115591422e-02 nan 1.278473766639390448e-02 nan 3.010357735094105536e+00 nan -3.024500517618242817e-03 nan -3.812072148140854821e-02 nan
7.564633275546290179e+02 3.283721066405651534e-01 nan 4.991587340484233276e-02 nan 1.639098050475183699e-02 nan 3.066604248231207919e+00 nan -2.990847768690961181e-03 nan -3.787569427875141920e-02 nan
8.111308307896872520e+02 3.890530674336918349e-01 nan 5.001349843667934197e-02 nan 1.945790497988024795e-02 nan 3.069728434400093242e+00 nan -3.073951433770589006e-03 nan -4.181016323016148450e-02 nan
8.697490026177833897e+02 4.809213460154381226e-01 nan 4.998831419412165522e-02 nan 2.404044734727961777e-02 nan 3.053668590907392399e+00 nan -3.114090886270489203e-03 nan -4.538332556667760975e-02 nan
9.326033468832199560e+02 6.144527999771607352e-01 nan 5.003084848006000840e-02 nan 3.074159493380594979e-02 nan 3.040510375919451391e+00 nan -3.052669943594855505e-03 nan -3.780400919538717819e-02 nan
1.000000000000000000e+03 7.938180613721494971e-01 nan 4.992271034007439434e-02 nan 3.962954914060121819e-02 nan 3.045153680321887713e+00 nan -3.091896288828436222e-03 nan -3.705300800074842749e-02 nan
1.072267222010323167e+03 1.059389605786557720e+00 nan 4.998577410678081701e-02 nan 5.295440952591844858e-02 nan 3.032370739731977238e+00 nan -2.942151627296249287e-03 nan -3.874898401702040612e-02 nan
1.149756995397735636e+03 1.494065440060591943e+00 nan 4.984717833408337795e-02 nan 7.447494643349109045e-02 nan 3.007098942040524747e+00 nan -3.047050013242325137e-03 nan -3.986888115649929454e-02 nan
1.232846739442065882e+03 2.300358720588140837e+00 nan 4.996643310328593296e-02 nan 1.149407201258277472e-01 nan 2.967009164631745577e+00 nan -3.074438457180731291e-03 nan -3.978588868465432471e-02 nan
1.321941148466028608e+03 4.304123361249740043e+00 nan 4.990784755953574237e-02 nan 2.148095325906886344e-01 nan 2.853496535974894499e+00 nan -3.114218062410686189e-03 nan -3.930234467892937400e-02 nan
1.417474162926804865e+03 1.366756474762244977e+01 nan 4.989371984139018279e-02 nan 6.819256464319352062e-01 nan 2.194381989653575005e+00 nan -3.068425824086536483e-03 nan -3.884350895427153560e-02 nan
1.519911082952933157e+03 8.040458747049383348e+00 nan 5.006400706929683975e-02 nan 4.025375835526699420e-01 nan 4.348826315810798704e-01 nan -3.166442222623031336e-03 nan -3.960892117592373918e-02 nan
1.629750834620643445e+03 3.993666656966916584e+00 nan 5.002610928662463291e-02 nan 1.997876046357758284e-01 nan 1.860225865336442297e-01 nan -3.087459864254162890e-03 nan -4.118217806124755548e-02 nan
1.747528400007682876e+03 2.741513474293929331e+00 nan 5.001159170082459388e-02 nan 1.371074525186970761e-01 nan 1.228075842334943601e-01 nan -2.992384651702065419e-03 nan -3.796786542991100605e-02 nan
1.873817422860382976e+03 2.153891581236839770e+00 nan 4.997206855831469452e-02 nan 1.076344177647442085e-01 nan 8.269394606742075382e-02 nan -2.891358040860489160e-03 nan -4.282230271452168446e-02 nan
2.009233002565045808e+03 1.807481766244937837e+00 nan 4.998688481320053001e-02 nan 9.035038285124595558e-02 nan 6.591956440882551505e-02 nan -3.051240624669898042e-03 nan -4.231913465987872242e-02 nan
2.154434690031884656e+03 1.585479066969839979e+00 nan 4.994189167306271881e-02 nan 7.918182381251630264e-02 nan 4.980016690266175772e-02 nan -2.961878556553313672e-03 nan -3.972165515870284408e-02 nan
2.310129700083160515e+03 1.443404315336231925e+00 nan 5.000063961166788251e-02 nan 7.217113898505315983e-02 nan 5.425269759836970351e-02 nan -2.873754749109983745e-03 nan -4.227837895773457755e-02 nan
2.477076355991711353e+03 1.331932733442944050e+00 nan 4.996933634137917801e-02 nan 6.655579474150301322e-02 nan 4.063013738395859775e-02 nan -2.959919912440238041e-03 nan -3.690293359789039579e-02 nan
2.656087782946686730e+03 1.267494611365052926e+00 nan 5.002704512690212685e-02 nan 6.340901012086477828e-02 nan 4.264343952806548543e-02 nan -3.096805372140121887e-03 nan -3.997206561863312496e-02 nan
2.848035868435802058e+03 1.201801336231086870e+00 nan 5.002448882207228414e-02 nan 6.011949751064354225e-02 nan 3.707049793673711235e-02 nan -2.896500039220010255e-03 nan -3.802811983275916630e-02 nan
3.053855508833415570e+03 1.151785636548203096e+00 nan 5.005657540936966909e-02 nan 5.765444457130397549e-02 nan 3.254268939369353575e-02 nan -3.041462798765027630e-03 nan -3.591155349624131077e-02 nan
3.274549162877728577e+03 1.096269653487701223e+00 nan 5.003684265219442845e-02 nan 5.485387215593981458e-02 nan 3.505544051613451728e-02 nan -3.138362923890144086e-03 nan -3.699584784623510814e-02 nan
3.511191734215130964e+03 1.076435290869841577e+00 nan 4.995661898315514188e-02 nan 5.377506768600645581e-02 nan 2.925512631213633696e-02 nan -3.046900190747100796e-03 nan -3.906263839685810563e-02 nan
3.764935806792467247e+03 1.039948932645369029e+00 nan 5.008934833652776281e-02 nan 5.209036433947413641e-02 nan 2.092457772737654764e-02 nan -2.991699770600020000e-03 nan -3.793737849938110668e-02 nan
4.037017258596557895e+03 1.029319583680920802e+00 nan 5.008590379379985330e-02 nan 5.155440164131672165e-02 nan 2.770484118208393909e-02 nan -3.077175799223894233e-03 nan -3.927632849744885218e-02 nan
4.328761281083061476e+03 1.008115971381516207e+00 nan 5.009515474622052572e-02 nan 5.050172558849348042e-02 nan 2.143833385086102439e-02 nan -3.146817267600036851e-03 nan -4.169804665701135060e-02 nan
4.641588833612781855e+03 9.947095123752456303e-01 nan 5.000930437269349160e-02 nan 4.974473076678718325e-02 nan 3.015248458505981333e-02 nan -2.915097008828324097e-03 nan -4.312022317250024939e-02 nan
4.977023564332113892e+03 9.857452228482909140e-01 nan 5.001577121457329023e-02 nan 4.930280754183868214e-02 nan 2.589363029042601738e-02 nan -2.950496179544977345e-03 nan -4.471514161645036289e-02 nan
5.336699231206313016e+03 9.709039529018695935e-01 nan 5.010707957613171754e-02 nan 4.864916162883482081e-02 nan 1.843336186229693752e-02 nan -2.955977751136627980e-03 nan -4.114765585096392952e-02 nan
5.722367659350220492e+03 9.708864696443969544e-01 nan 5.011278145205265433e-02 nan 4.865382146804461683e-02 nan 3.274428017536568092e-02 nan -3.059335843634966405e-03 nan -3.655076440319564995e-02 nan
6.135907273413175972e+03 9.573752107925214139e-01 nan 5.006618952655566418e-02 nan 4.793212875156455804e-02 nan 2.574647850856326414e-02 nan -2.883750734244187180e-03 nan -3.809527558282450876e-02 nan
6.579332246575682802e+03 9.444223629391957919e-01 nan 5.015893572720096089e-02 nan 4.737122060199838031e-02 nan 1.743299957938049261e-02 nan -2.788476991949419108e-03 nan -4.267185031943679374e-02 nan
7.054802310718645458e+03 9.428547361901304935e-01 nan 5.016083236748220681e-02 nan 4.729437836891979552e-02 nan 1.290628734006871170e-02 nan -2.865083135686299909e-03 nan -3.830111613455274011e-02 nan
7.564633275546290861e+03 9.341571623679859604e-01 nan 5.011735277090040991e-02 nan 4.681748404985964368e-02 nan 4.247853261075906772e-03 nan -2.918569947818964571e-03 nan -4.184455603995709122e-02 nan
8.111308307896872066e+03 9.263603130118484019e-01 nan 5.012744976031938138e-02 nan 4.643608005045516546e-02 nan 3.281237837442496641e-02 nan -3.015573275323089972e-03 nan -4.099011409743791301e-02 nan
8.697490026177834807e+03 9.290409797240749556e-01 nan 5.009927899776857319e-02 nan 4.654428324355668750e-02 nan 2.025429524674615678e-02 nan -2.966116641226748760e-03 nan -3.966010557125356634e-02 nan
9.326033468832200015e+03 9.514436726750702400e-01 nan 5.010529332449448203e-02 nan 4.767236430111870815e-02 nan 2.083951649878956758e-02 nan -2.948046755461099667e-03 nan -3.845264270094107123e-02 nan
1.000000000000000000e+04 8.700606757094015986e-01 nan 5.083856605195187506e-02 nan 4.423263713125829416e-02 nan 5.495353953111958845e-02 nan -2.928763676890250908e-03 nan -3.659636546666196477e-02 nan
1.072267222010323167e+04 9.278252992005862065e-01 nan 5.015527950909708099e-02 nan 4.653533721701703235e-02 nan 2.766185439033463922e-02 nan -2.896496769819031144e-03 nan -3.852544958486314730e-02 nan
1.149756995397735591e+04 9.218947119166660542e-01 nan 5.012508651244804159e-02 nan 4.621005219019125310e-02 nan 1.117501389829067548e-02 nan -3.024577963480980410e-03 nan -4.006203656749955655e-02 nan
1.232846739442065882e+04 9.258478932983558174e-01 nan 5.018964294379837238e-02 nan 4.646797518491241341e-02 nan 1.836601108441993091e-02 nan -2.853831660515104666e-03 nan -4.357854807302851546e-02 nan
1.321941148466028790e+04 9.254604847533195455e-01 nan 5.016501418298809772e-02 nan 4.642573834344531497e-02 nan 1.260826484392207902e-02 nan -2.855334731804685597e-03 nan -3.445920378392625105e-02 nan
1.417474162926804820e+04 9.131746752489484642e-01 nan 5.025960902918042567e-02 nan 4.589580215336095531e-02 nan 4.238759633730992959e-03 nan -2.989388713259027736e-03 nan -4.097574559759879081e-02 nan
1.519911082952933066e+04 9.064822608824020245e-01 nan 5.024640628372335077e-02 nan 4.554747596928527403e-02 nan 3.447175788907674843e-02 nan -3.095220052221853233e-03 nan -3.393447536194875436e-02 nan
1.629750834620646856e+04 9.123911944951869080e-01 nan 5.030474978666284874e-02 nan 4.589761074663481488e-02 nan 1.862127922408962633e-02 nan -3.073211348551532860e-03 nan -4.362065823185761609e-02 nan
1.747528400007683013e+04 9.232667845261144368e-01 nan 5.019154275128233367e-02 nan 4.634018428638144588e-02 nan 2.210365327952246162e-02 nan -2.677878819275070817e-03 nan -4.398379644875474032e-02 nan
1.873817422860386796e+04 9.104027137547375803e-01 nan 5.033528248612852835e-02 nan 4.582537777298272691e-02 nan 3.669762764919060061e-02 nan -2.812135503343971433e-03 nan -4.728621895522822777e-02 nan
2.009233002565045899e+04 9.110812138045598640e-01 nan 5.020650623841178134e-02 nan 4.574220464457841306e-02 nan 1.479436403335654404e-02 nan -2.792024066046104071e-03 nan -3.893016376747840401e-02 nan
2.154434690031886566e+04 9.105819285973338895e-01 nan 5.031981050133788047e-02 nan 4.582031009296062135e-02 nan 1.438139619819223114e-02 nan -3.149401584930181137e-03 nan -4.173211215061883167e-02 nan
2.310129700083157877e+04 9.109065624274120809e-01 nan 5.017546060874367858e-02 nan 4.570515634132273075e-02 nan 2.429946917297609588e-02 nan -3.111669598742905583e-03 nan -4.176771587060478658e-02 nan
2.477076355991714081e+04 9.084006213564220777e-01 nan 5.024277445123410263e-02 nan 4.564056753017162876e-02 nan 2.232668047784924781e-02 nan -3.134134501418907922e-03 nan -4.724431454651935314e-02 nan
2.656087782946684092e+04 9.087236427564815422e-01 nan 5.035472975189215356e-02 nan 4.575853345015761658e-02 nan 2.487459767980215730e-02 nan -3.066599392201179667e-03 nan -4.178331438954808325e-02 nan
2.848035868435804878e+04 9.321566976838265850e-01 nan 5.039301784975907389e-02 nan 4.697418910515354512e-02 nan 1.913553777778265186e-02 nan -3.155336148522782519e-03 nan -3.956068045984374726e-02 nan
3.053855508833412387e+04 9.053294049703547453e-01 nan 5.037246944856484804e-02 nan 4.560367779275658479e-02 nan 5.941290174381341771e-02 nan -3.109995599195384229e-03 nan -3.920535872814583100e-02 nan
3.274549162877731578e+04 9.054829158842183645e-01 nan 5.026893480007104537e-02 nan 4.551766166116198720e-02 nan 5.157840080719156006e-02 nan -2.930174029139501375e-03 nan -4.596423733143639723e-02 nan
3.511191734215127508e+04 9.145079058172278508e-01 nan 5.033618981491067013e-02 nan 4.603284353445243060e-02 nan 3.195739097403071938e-02 nan -3.006159803567087004e-03 nan -4.533663042834178841e-02 nan
3.764935806792470976e+04 9.038033013093191848e-01 nan 5.037909144690069785e-02 nan 4.553278916667293647e-02 nan 3.826306909663479416e-02 nan -2.869397575921699747e-03 nan -3.974185483059301111e-02 nan
4.037017258596549800e+04 9.183143881069192327e-01 nan 5.032688206091454758e-02 nan 4.621589990509783474e-02 nan 2.857956236903147484e-02 nan -3.055986412630590406e-03 nan -3.918638865516245462e-02 nan
4.328761281083061476e+04 9.314589576297401807e-01 nan 5.039007050572116841e-02 nan 4.693628254814815465e-02 nan 5.102774081069849643e-02 nan -2.919742780906802674e-03 nan -4.566786083085944137e-02 nan
4.641588833612782037e+04 9.080563471937640463e-01 nan 5.056635864547248671e-02 nan 4.591710292249755881e-02 nan 6.443548662980003172e-02 nan -3.222424901256216133e-03 nan -3.728654160539718321e-02 nan
4.977023564332113892e+04 8.947839057949457109e-01 nan 5.033157671705323910e-02 nan 4.503588479970285080e-02 nan 2.055595431273360418e-02 nan -3.034330987713342552e-03 nan -4.105132867369831740e-02 nan
5.336699231206312834e+04 9.115114825048196145e-01 nan 5.026206250178790608e-02 nan 4.581444710475459509e-02 nan 5.957521026007217557e-02 nan -3.219104670878765711e-03 nan -4.721449770828269055e-02 nan
5.722367659350220492e+04 9.346841346333448763e-01 nan 5.055408782369009979e-02 nan 4.725210382966389677e-02 nan 4.134695135791721654e-02 nan -3.282774262512698233e-03 nan -4.042276359228743482e-02 nan
6.135907273413175426e+04 9.142036481474823395e-01 nan 5.046229442161234702e-02 nan 4.613281365413035573e-02 nan 3.167711955997276618e-02 nan -3.164995180099975172e-03 nan -4.368829208504399625e-02 nan
6.579332246575682075e+04 9.103178195861515443e-01 nan 5.033780879176249362e-02 nan 4.582340434206184226e-02 nan 4.576750194099421520e-02 nan -2.731721873732321192e-03 nan -4.645455180863926337e-02 nan
7.054802310718645458e+04 9.220633954834239754e-01 nan 5.065366901993157561e-02 nan 4.670589405021163126e-02 nan 6.496250154513516506e-02 nan -2.891260481743332389e-03 nan -4.680768283010552228e-02 nan
7.564633275546290679e+04 9.242397354918108210e-01 nan 5.052947954762285199e-02 nan 4.670135281163381030e-02 nan 6.034226774611628485e-02 nan -3.239123839763188677e-03 nan -4.568842330772524690e-02 nan
8.111308307896871702e+04 9.414046218411494804e-01 nan 5.054970164695299362e-02 nan 4.758772276313271571e-02 nan 5.697760722606304284e-02 nan -2.744557958358913828e-03 nan -4.223909520238550153e-02 nan
8.697490026177834079e+04 9.380085687600144828e-01 nan 5.028618504355350516e-02 nan 4.716887246110487014e-02 nan 1.875368808213329075e-02 nan -3.531195193578124877e-03 nan -4.056996314974169876e-02 nan
9.326033468832199287e+04 9.438934922024900809e-01 nan 5.062780439806083277e-02 nan 4.778725509583022640e-02 nan 4.519948034902032674e-02 nan -2.954821476276864572e-03 nan -4.102235741530865093e-02 nan
1.000000000000000000e+05 9.384513607755570197e-01 nan 5.054264804890779700e-02 nan 4.743181683869757137e-02 nan 5.676511710526099819e-02 nan -3.095205059990442913e-03 nan -4.094713904921015724e-02 nan
