2.000000000000000284e+02 1.011468666860715127e+00 nan 5.046569947959338165e-02 nan 5.104447377481780707e-02 nan -1.524005076283918569e-02 nan -7.853678400693972148e-03 nan -1.160648647530630045e-02 nan
2.080613005452009361e+02 1.007237187905494658e+00 nan 5.025313452898813593e-02 nan 5.061682590641452401e-02 nan -8.811770311594635530e-03 nan -7.692285926259307197e-03 nan -1.133063284335258415e-02 nan
2.164475239228021053e+02 1.010034236884524539e+00 nan 5.056412995248388970e-02 nan 5.107150241028699661e-02 nan -4.510615737531864511e-03 nan -8.765433980529977950e-03 nan -9.679604109644381754e-03 nan
2.251717666358332224e+02 1.010217156066544719e+00 nan 5.033531456624770750e-02 nan 5.084959833082968589e-02 nan -3.972648470660811171e-03 nan -8.541397343530460207e-03 nan -9.443991374130463259e-03 nan
2.342476530615596744e+02 1.007757255265926855e+00 nan 5.029847807346864846e-02 nan 5.068865620737216665e-02 nan -1.893020460963201756e-02 nan -7.580290296535038656e-03 nan -1.087852457970594003e-02 nan
2.436893567282455990e+02 1.001091480793204536e+00 nan 5.070379791698387956e-02 nan 5.075914013855279544e-02 nan -1.147973126520218656e-02 nan -8.491447388335586835e-03 nan -9.536939431181466753e-03 nan
2.535116224495108952e+02 1.007689955051966901e+00 nan 5.044170356339622990e-02 nan 5.082959799654338667e-02 nan -9.849092323461761112e-03 nan -8.349757233604027801e-03 nan -1.031190568350648720e-02 nan
2.637297893508459197e+02 1.009483756715739977e+00 nan 5.040612448593968786e-02 nan 5.088416390754764429e-02 nan -1.086526275141386222e-02 nan -8.907734112558188949e-03 nan -8.954650983623219096e-03 nan
2.743598148242443813e+02 1.006087503417275375e+00 nan 5.048591279781507873e-02 nan 5.079324596449603935e-02 nan -1.513612371337380580e-02 nan -8.355445602997965335e-03 nan -1.121156850197247215e-02 nan
2.854182994483635980e+02 1.011268896346978474e+00 nan 5.035800764605064678e-02 nan 5.092548681445434322e-02 nan -1.213044621915226884e-02 nan -8.991676762754292548e-03 nan -1.023070975619987284e-02 nan
2.969225129131306176e+02 1.007218985384470189e+00 nan 5.033106210240815420e-02 nan 5.069440130411029949e-02 nan -1.004710540047426548e-02 nan -7.865909849467833670e-03 nan -1.102673992508084767e-02 nan
3.088904209892758104e+02 1.006427453259039373e+00 nan 5.044834280047894026e-02 nan 5.077259716582501609e-02 nan -7.172054783151526891e-03 nan -8.541755423557208238e-03 nan -1.031552065003739881e-02 nan
3.213407135849167844e+02 1.011577895295813434e+00 nan 5.029374014519021052e-02 nan 5.087603580262606978e-02 nan -8.131373016174947566e-03 nan -8.825833543882331475e-03 nan -1.139699886785045142e-02 nan
3.342928339330034078e+02 9.987875623325954688e-01 nan 5.081743922039274469e-02 nan 5.075582624292090256e-02 nan -7.319821264078818501e-03 nan -7.682565312152599482e-03 nan -1.067700481890083986e-02 nan
3.477670089552078139e+02 1.014844938532087237e+00 nan 5.030421917246242353e-02 nan 5.105098221398227804e-02 nan -2.060452803628232132e-02 nan -7.949079897331528047e-03 nan -1.032408302290707160e-02 nan
3.617842808496749285e+02 1.001283860295653083e+00 nan 5.040898988927647317e-02 nan 5.047370798993928986e-02 nan -2.162915910898455252e-02 nan -8.189104501212997322e-03 nan -1.058133857044063313e-02 nan
3.763665399519679227e+02 1.007718688859006839e+00 nan 5.051932230359083842e-02 nan 5.090926523382014596e-02 nan -2.720718367302499274e-02 nan -7.574455315141305316e-03 nan -9.779324050476679089e-03 nan
3.915365589205188144e+02 1.006389755378399808e+00 nan 5.045611863786083479e-02 nan 5.077852089330028157e-02 nan -2.281286475276100845e-02 nan -7.084595640465726415e-03 nan -1.020348220786617376e-02 nan
4.073180282999791189e+02 1.002648077577221519e+00 nan 5.036146508953653900e-02 nan 5.049482615599616697e-02 nan -2.297643712285779571e-02 nan -8.246506753101004103e-03 nan -1.134809824596392722e-02 nan
4.237355935180029860e+02 1.003355996594146982e+00 nan 5.035277387960979123e-02 nan 5.052175761725561515e-02 nan -2.227042941308576829e-02 nan -7.623326989548144528e-03 nan -9.874541576179602861e-03 nan
4.408148933732410910e+02 1.008687340636835961e+00 nan 5.043746201893681974e-02 nan 5.087562943235280494e-02 nan -1.599795587906793770e-02 nan -7.819715005287582524e-03 nan -9.509483430302280785e-03 nan
4.585826000746529871e+02 1.011134804864511461e+00 nan 5.059270454986839610e-02 nan 5.115604444259905931e-02 nan -2.238651752580489429e-02 nan -7.752364253806922831e-03 nan -1.134172370186492529e-02 nan
4.770664608946602243e+02 1.003814203473012645e+00 nan 5.075119199952352056e-02 nan 5.094476737230763802e-02 nan -2.269835221024241179e-02 nan -7.884087702455426852e-03 nan -1.124630852009714417e-02 nan
4.962953415011961624e+02 1.009113157165190788e+00 nan 5.035102941159799728e-02 nan 5.080988625605503684e-02 nan -2.644310218287904135e-02 nan -7.310825968721169216e-03 nan -1.091999109917384317e-02 nan
5.162992710363174638e+02 1.006493434707995904e+00 nan 5.015893291609924143e-02 nan 5.048463667201268101e-02 nan -2.922682759595307544e-02 nan -7.730945087021753870e-03 nan -1.171537047620089741e-02 nan
5.371094890117768728e+02 1.005420777574532520e+00 nan 5.058291220974266839e-02 nan 5.085711092590378818e-02 nan -2.929336066156595919e-02 nan -7.769411856201066148e-03 nan -1.158051445127437906e-02 nan
5.587584940947924679e+02 1.004990245745239985e+00 nan 5.081250127379702275e-02 nan 5.106606814208358713e-02 nan -2.791050335142974959e-02 nan -8.054980136275979863e-03 nan -9.729966081942098555e-03 nan
5.812800948602023254e+02 1.009456496426068828e+00 nan 5.042155539559676353e-02 nan 5.089836665399205540e-02 nan -2.840284783626678689e-02 nan -8.195481556033406070e-03 nan -1.026377258525454361e-02 nan
6.047094625882572245e+02 1.010616427818612939e+00 nan 5.048114291889616717e-02 nan 5.101707232889571286e-02 nan -3.182034942740941119e-02 nan -8.497282042566813021e-03 nan -1.028935003961731903e-02 nan
6.290831861905115829e+02 9.998861343967317961e-01 nan 5.070912793061442547e-02 nan 5.070335390517140273e-02 nan -3.634812615548943526e-02 nan -8.535955608830332955e-03 nan -1.069806036658159203e-02 nan
6.544393293495822945e+02 1.010093217445679148e+00 nan 5.037183308265231335e-02 nan 5.088024694709297746e-02 nan -3.085242471459759273e-02 nan -7.819749637120362515e-03 nan -1.001763748757968781e-02 nan
6.808174899620157703e+02 1.015908374157350247e+00 nan 4.998511202591631591e-02 nan 5.078029389032166080e-02 nan -3.838742828395957929e-02 nan -8.138088188624751154e-03 nan -1.113581961827134204e-02 nan
7.082588619770813239e+02 1.007873326471431907e+00 nan 5.033254400903575815e-02 nan 5.072882856015661218e-02 nan -3.466246978397924394e-02 nan -8.480496042788117361e-03 nan -1.052503511298631851e-02 nan
7.368062997280774198e+02 1.002977083557832216e+00 nan 5.055548467449394456e-02 nan 5.070599257667661452e-02 nan -4.951094849396575626e-02 nan -8.861886567184751665e-03 nan -1.119173711163463231e-02 nan
7.665043848566044744e+02 1.000772772150414491e+00 nan 5.066999526630633355e-02 nan 5.070915162750976729e-02 nan -5.520168179263684749e-02 nan -8.510874229295339530e-03 nan -1.063397835079506019e-02 nan
7.973994959343215214e+02 1.009465989336981950e+00 nan 5.034473917071486532e-02 nan 5.082130193487798681e-02 nan -4.469469699211803260e-02 nan -9.293545829222675178e-03 nan -9.240183798056177469e-03 nan
8.295398808909128547e+02 1.001475764289281090e+00 nan 5.045777282992949114e-02 nan 5.053223660918855498e-02 nan -5.375725459571256692e-02 nan -8.492518561735112534e-03 nan -1.045860440455733190e-02 nan
8.629757323613710014e+02 1.010287918969836829e+00 nan 5.032409365117902766e-02 nan 5.084182384889283923e-02 nan -6.050890174413581235e-02 nan -8.869052752285800159e-03 nan -1.080723821099535339e-02 nan
8.977592660702703142e+02 1.011581064651753792e+00 nan 4.999184932566949624e-02 nan 5.057080816477080992e-02 nan -6.212573983040492465e-02 nan -9.215400389612200469e-03 nan -1.053042372395078356e-02 nan
9.339448023754274573e+02 9.997209627443801594e-01 nan 5.074366997623083742e-02 nan 5.072951060182059185e-02 nan -7.853830946435991223e-02 nan -9.293349574717843856e-03 nan -1.079497629365986505e-02 nan
9.715888510983103288e+02 9.902701596636256376e-01 nan 5.095601027101336056e-02 nan 5.046021642689774850e-02 nan -7.640191527528905624e-02 nan -7.824616935607847656e-03 nan -9.589554174661047911e-03 nan
1.010750199773660029e+03 9.980014530333649603e-01 nan 5.087064043987207101e-02 nan 5.076897307573018103e-02 nan -9.098641545438290734e-02 nan -9.971209400373036782e-03 nan -1.087514827063762804e-02 nan
1.051490005456145582e+03 1.004137213436765430e+00 nan 5.066344342854295357e-02 nan 5.087304890744832192e-02 nan -9.567663887910216047e-02 nan -8.717530427770967330e-03 nan -1.046380939453662659e-02 nan
1.093871890227430185e+03 9.983983738261869023e-01 nan 5.026833136699521143e-02 nan 5.018782029176391962e-02 nan -1.048256148147004296e-01 nan -8.511847529010820729e-03 nan -9.451655150098556626e-03 nan
1.137962040552781673e+03 9.959002200271005467e-01 nan 5.078025025648388868e-02 nan 5.057206240346353437e-02 nan -1.328798714553922622e-01 nan -9.291982849419910123e-03 nan -1.141155468241632394e-02 nan
1.183829310642412111e+03 9.717107071120596462e-01 nan 5.067894765185518985e-02 nan 4.924527605847926065e-02 nan -1.510448786618865391e-01 nan -8.154636171271680695e-03 nan -1.083352462354837328e-02 nan
1.231545329978944437e+03 9.645492110668805186e-01 nan 5.072028018613792405e-02 nan 4.892220623863046541e-02 nan -1.756411571723788256e-01 nan -9.030793518887898427e-03 nan -9.829787227491521701e-03 nan
1.281184615178938884e+03 9.550504358188538490e-01 nan 5.028461466801412150e-02 nan 4.802434315367001827e-02 nan -2.075387515844928643e-01 nan -8.986354653418853963e-03 nan -1.091393461628604837e-02 nan
1.332824686363163892e+03 8.867828303686260405e-01 nan 5.066773193614303172e-02 nan 4.493127473469174515e-02 nan -2.944918133011884542e-01 nan -9.107900431892690385e-03 nan -9.888378599308161876e-03 nan
1.386546188217345389e+03 7.500890306715196632e-01 nan 5.033880288263294089e-02 nan 3.775858385939884210e-02 nan -3.831581658450065042e-01 nan -9.385688385568158668e-03 nan -1.167252506995266649e-02 nan
1.442433015932458829e+03 4.750669988063808691e-01 nan 5.033493970388634720e-02 nan 2.391246874022542879e-02 nan -1.232004982636905055e-01 nan -9.464110084694696973e-03 nan -1.022489544460311421e-02 nan
1.500572446221219479e+03 6.778415868563373303e-01 nan 5.034411428036585090e-02 nan 3.412533431267997935e-02 nan 3.683809653531877615e-01 nan -9.796960320822799273e-03 nan -9.761583316036874514e-03 nan
1.561055273615402257e+03 8.702352146115274190e-01 nan 5.086472812836771024e-02 nan 4.426427759894707020e-02 nan 2.911820962198619078e-01 nan -8.702787823550566307e-03 nan -1.001231121812239805e-02 nan
1.623975952256823575e+03 9.294569118582218792e-01 nan 5.070622256475137979e-02 nan 4.712924903702950252e-02 nan 2.102407415703688720e-01 nan -8.572045017234087780e-03 nan -1.016083259671952260e-02 nan
1.689432743403428958e+03 9.609002990907491437e-01 nan 5.060255471306699532e-02 nan 4.862400995854207486e-02 nan 1.613574073519616903e-01 nan -8.223883789482208315e-03 nan -1.115928169427827209e-02 nan
1.757527868880820506e+03 9.757919213502654898e-01 nan 5.037160498972347022e-02 nan 4.915220521441888285e-02 nan 1.236181710913246690e-01 nan -9.155684494764724721e-03 nan -9.785695236593649690e-03 nan
1.828367670718894033e+03 9.856037294779653735e-01 nan 5.074165697993183316e-02 nan 5.001116635931245058e-02 nan 1.010426255665377582e-01 nan -8.483761540601920254e-03 nan -9.052249979517951184e-03 nan
1.902062777222863588e+03 9.883797417230314464e-01 nan 5.102816623326181245e-02 nan 5.043520576223122637e-02 nan 8.881526268374795308e-02 nan -8.483483716563605323e-03 nan -9.620956594821542668e-03 nan
1.978728275738028742e+03 1.001160467975755308e+00 nan 5.026510919533004607e-02 nan 5.032344024484906864e-02 nan 7.644714854664247383e-02 nan -8.023535817516375818e-03 nan -8.281521907127721918e-03 nan
2.058483892378085784e+03 1.003013954022027310e+00 nan 5.021789447239917437e-02 nan 5.036924889742201011e-02 nan 6.911438872605790706e-02 nan -7.730993404550295413e-03 nan -8.646314806313519855e-03 nan
2.141454178997656982e+03 9.982634917103264671e-01 nan 5.089799549049631860e-02 nan 5.080961069939930741e-02 nan 5.022338489849076382e-02 nan -9.015255748617105602e-03 nan -9.460305196559198188e-03 nan
2.227768707701040057e+03 9.981516340259060094e-01 nan 5.098149965422980184e-02 nan 5.088726718496063700e-02 nan 4.574927049987742578e-02 nan -7.511058273617996460e-03 nan -1.014592403033138732e-02 nan
2.317562273190899305e+03 9.970242627382308598e-01 nan 5.083241458583646899e-02 nan 5.068115067564769871e-02 nan 4.750144146299106751e-02 nan -9.062456991268629664e-03 nan -9.637511560377306705e-03 nan
2.410975103272950946e+03 9.991926087826435987e-01 nan 5.090617040349031119e-02 nan 5.086506920859728414e-02 nan 3.176821084822778474e-02 nan -8.625096802262493048e-03 nan -9.816729268965403502e-03 nan
2.508153077845351163e+03 1.000090052976747135e+00 nan 5.068677037908626837e-02 nan 5.069133487364060192e-02 nan 3.398560049703247543e-02 nan -8.522788174575709683e-03 nan -9.889951594944528662e-03 nan
2.609247956714761585e+03 1.003261144448540865e+00 nan 5.084231570928967464e-02 nan 5.100811984491598894e-02 nan 1.983948019996528700e-02 nan -8.731532362265084432e-03 nan -9.927077900531310409e-03 nan
2.714417616594906576e+03 9.973851633653333382e-01 nan 5.128156303715106917e-02 nan 5.114747012743856014e-02 nan 1.413259242180231468e-02 nan -8.068574611825181028e-03 nan -1.003956635497924021e-02 nan
2.823826297657703890e+03 1.000700992642248766e+00 nan 5.117070169970872745e-02 nan 5.120657198509892538e-02 nan 1.985243437333750194e-02 nan -8.261382026859892189e-03 nan -1.081544080753635111e-02 nan
2.937644860022007379e+03 1.009227996754640921e+00 nan 5.067172484258057608e-02 nan 5.113932335497996945e-02 nan 1.446476980177902050e-02 nan -8.047400789865205920e-03 nan -9.158928191537085012e-03 nan
3.056051050580517312e+03 1.000575573883195180e+00 nan 5.133672923179588565e-02 nan 5.136627731239037237e-02 nan 7.003589513302710401e-03 nan -8.907598886569998917e-03 nan -1.047237788361338358e-02 nan
3.179229780581550131e+03 1.002856963487414044e+00 nan 5.091096785430896526e-02 nan 5.105641863057763796e-02 nan 2.062596716142728326e-03 nan -8.594232298158983874e-03 nan -7.930668777595701463e-03 nan
3.307373414399151443e+03 1.003528867556464865e+00 nan 5.091697117313177812e-02 nan 5.109665042077810027e-02 nan 1.810643836984882071e-02 nan -9.810094601944235881e-03 nan -9.096500730894668124e-03 nan
3.440682069942545695e+03 9.898625339079965002e-01 nan 5.160822929923836871e-02 nan 5.108505262464899804e-02 nan -6.669268531848793202e-03 nan -8.554500337498389950e-03 nan -8.639857290263640299e-03 nan
3.579363931173999845e+03 9.985759408859402608e-01 nan 5.150287120788621387e-02 nan 5.142952807474238108e-02 nan -3.344317377697691995e-03 nan -7.885234441256645452e-03 nan -8.905385996964587311e-03 nan
3.723635573223222764e+03 1.006545956827203492e+00 nan 5.135865246285101215e-02 nan 5.169484398457618868e-02 nan -8.265519177665492379e-03 nan -8.626546769194651243e-03 nan -9.633906664368292391e-03 nan
3.873722300605992132e+03 1.003080079782334488e+00 nan 5.128822605114170818e-02 nan 5.144619787927362520e-02 nan -2.016596572373963170e-03 nan -8.801667005049767026e-03 nan -9.099070388125955755e-03 nan
4.029858499075151940e+03 9.947883624549417325e-01 nan 5.178942379057789591e-02 nan 5.151951608511398661e-02 nan -1.059423781295443234e-02 nan -9.147441185989618750e-03 nan -8.207545638542269525e-03 nan
4.192288001653536412e+03 9.993297704159916917e-01 nan 5.141950536724634868e-02 nan 5.138504249355414777e-02 nan -1.539458494337031524e-02 nan -8.637094104020833288e-03 nan -8.073169523339364731e-03 nan
4.361264469420380919e+03 9.900783322547530574e-01 nan 5.154018694951032625e-02 nan 5.102882233906937126e-02 nan -6.594604242829316121e-03 nan -9.154141782352994208e-03 nan -8.529663332351342456e-03 nan
4.537051787645899822e+03 9.963334178880881575e-01 nan 5.155074374905221218e-02 nan 5.136172871416618685e-02 nan -1.024595914550552322e-02 nan -8.730393086295333213e-03 nan -9.340984794380554485e-03 nan
4.719924477892673167e+03 9.935541536860688083e-01 nan 5.145566429552855120e-02 nan 5.112398899149833698e-02 nan -1.698930798947451137e-02 nan -9.054864850443595028e-03 nan -8.515491652769420147e-03 nan
4.910168126727389790e+03 1.014286487893711453e+00 nan 5.099340974186693937e-02 nan 5.172192647280319383e-02 nan -1.486827300151594144e-02 nan -8.514034770039655489e-03 nan -9.644133814038852864e-03 nan
5.108079831712467239e+03 9.948379496787346232e-01 nan 5.194316379290377789e-02 nan 5.167503056755907986e-02 nan -2.908855471210447519e-02 nan -7.562944573573625491e-03 nan -8.666793969517205126e-03 nan
5.313968665374029115e+03 1.013343919134263471e+00 nan 5.093816422422655504e-02 nan 5.161787896848246682e-02 nan -1.902961151476212365e-02 nan -7.892059380434373120e-03 nan -8.462541596061703975e-03 nan
5.528156157870829702e+03 1.007538906725548022e+00 nan 5.157674903878967099e-02 nan 5.196558133900010257e-02 nan -2.337933528408564499e-02 nan -9.608157223769222752e-03 nan -8.772915555664534404e-03 nan
5.750976799117823248e+03 1.006722507354714802e+00 nan 5.136779883146104508e-02 nan 5.171311923690105616e-02 nan -2.964937810461121259e-02 nan -9.268729844712681604e-03 nan -9.328652557436768397e-03 nan
5.982778561148654262e+03 9.967007656040186570e-01 nan 5.189706050504312718e-02 nan 5.172583993797456176e-02 nan -2.661886681031422341e-02 nan -8.545719972424222974e-03 nan -9.878490061297874950e-03 nan
6.223923441532673678e+03 9.911770694991668407e-01 nan 5.179611156235985892e-02 nan 5.133911806983175452e-02 nan -3.641653956163715122e-02 nan -8.482007423737843166e-03 nan -9.577891544520098985e-03 nan
6.474788028695253161e+03 9.939188655958348662e-01 nan 5.171165669776676965e-02 nan 5.139719116312560510e-02 nan -2.607039655122900257e-02 nan -9.673253915086889657e-03 nan -1.003467928400520771e-02 nan
6.735764090024160396e+03 9.978591308095459134e-01 nan 5.166799459350774476e-02 nan 5.155738017574995613e-02 nan -3.921826137195116857e-02 nan -9.046601443109850496e-03 nan -1.022453102378556751e-02 nan
7.007259183680442220e+03 1.006015428299714909e+00 nan 5.138747904847404402e-02 nan 5.169659674419324613e-02 nan -2.597233932742426532e-02 nan -9.688731563267006727e-03 nan -9.941136893658473334e-03 nan
7.289697295069277970e+03 1.006071271878646423e+00 nan 5.125306325294250176e-02 nan 5.156423453456457362e-02 nan -3.220795779107143986e-02 nan -8.611330508475468701e-03 nan -8.861245877432406479e-03 nan
7.583519498964735249e+03 9.977968252104424396e-01 nan 5.157353163391595330e-02 nan 5.145990612921166191e-02 nan -4.732063437071420964e-02 nan -1.011149340027500329e-02 nan -9.369218123469519668e-03 nan
7.889184648322465364e+03 9.943021746482922918e-01 nan 5.176996530913653000e-02 nan 5.147498908834110404e-02 nan -4.064269542777809718e-02 nan -9.151752787655370591e-03 nan -1.015093952100668342e-02 nan
8.207170090856019669e+03 9.815811322502142611e-01 nan 5.209086015652065332e-02 nan 5.113140549232511600e-02 nan -5.923568112678090358e-02 nan -8.140472520668037490e-03 nan -1.038436893185497659e-02 nan
8.537972414495889097e+03 9.890820091106343748e-01 nan 5.220228589409100367e-02 nan 5.163234181229525710e-02 nan -3.962636144287667861e-02 nan -8.928123820563458810e-03 nan -1.016926449088949129e-02 nan
8.882108222895320068e+03 9.897764719630273156e-01 nan 5.209976353931473209e-02 nan 5.156712014605090155e-02 nan -5.684599757440444989e-02 nan -7.220755034382631866e-03 nan -9.015852914601066304e-03 nan
9.240114942194108153e+03 9.897371919568674903e-01 nan 5.140537740073751471e-02 nan 5.087781388008896094e-02 nan -5.983290447988176552e-02 nan -5.981235489134045444e-03 nan -9.896141298611880674e-03 nan
9.612551660300248841e+03 9.920346059828210050e-01 nan 5.153047168759591207e-02 nan 5.112001117671312322e-02 nan -5.008109632113644238e-02 nan -7.635315986871818797e-03 nan -9.118649253287392301e-03 nan
1.000000000000000000e+04 9.971412435746641600e-01 nan 5.138568042176991368e-02 nan 5.123878127769392749e-02 nan -6.368524234761219205e-02 nan -6.872137677759519031e-03 nan -9.646276888478785838e-03 nan
