2.000000000000000284e+02 5.355449872513191011e-03 nan 5.041599673317728042e-02 nan 2.700003432773197135e-04 nan 2.628443000819370212e+00 nan -9.016939801864862561e-03 nan -6.689849496222074164e-03 nan
2.114713861053398034e+02 8.573137057587188262e-03 nan 5.075080382522051403e-02 nan 4.350935969763356100e-04 nan 2.195810697383882015e+00 nan -8.520443352533463299e-03 nan -6.228307146025224665e-03 nan
2.236007357065686847e+02 1.279099903766558501e-02 nan 5.049517369934362898e-02 nan 6.458837181950609135e-04 nan 2.333233286978500409e+00 nan -8.145624479702448517e-03 nan -7.121532291760748236e-03 nan
2.364257875702091098e+02 2.213789766854446645e-02 nan 5.039397245459954766e-02 nan 1.115616605311373338e-03 nan 2.581548431765307683e+00 nan -8.337234291733728112e-03 nan -6.782068569719783106e-03 nan
2.499864450425936298e+02 1.934575871966208449e-02 nan 5.060307809056256712e-02 nan 9.789549392122422460e-04 nan 2.747737450471619880e+00 nan -8.426231166915262166e-03 nan -6.415764678184733213e-03 nan
2.643249002035180979e+02 2.183217601635280627e-02 nan 5.028459429807498327e-02 nan 1.097822113626463741e-03 nan 2.710921882744822931e+00 nan -8.163612996630988453e-03 nan -6.807170891030962095e-03 nan
2.794857651409681694e+02 2.995098075042883223e-02 nan 5.024372617098118998e-02 nan 1.504848875376874973e-03 nan -3.132008325924011238e+00 nan -8.735204440914650162e-03 nan -6.873334788980034991e-03 nan
2.955162107553599640e+02 2.887539719401962732e-02 nan 5.001677079430685846e-02 nan 1.444254123047851055e-03 nan 2.805686324833956746e+00 nan -8.687460142588797687e-03 nan -6.363184767630328253e-03 nan
3.124661135251683959e+02 4.635298492483191923e-02 nan 5.022630296879420503e-02 nan 2.328139064342558528e-03 nan 2.839746989025268675e+00 nan -8.391446853241953108e-03 nan -7.533521388894022508e-03 nan
3.303882106905790579e+02 4.217429049617178738e-02 nan 5.046353604390926145e-02 nan 2.128263828579864906e-03 nan 2.947963781207763034e+00 nan -9.452386168745321657e-03 nan -7.028720774798835787e-03 nan
3.493382643379993056e+02 5.029644592493621308e-02 nan 5.005733546278324370e-02 nan 2.517706066250269357e-03 nan 2.837991197686039690e+00 nan -8.365606539354518770e-03 nan -7.461832882669551005e-03 nan
3.693752348959514507e+02 6.024946031953917064e-02 nan 5.028263769103939046e-02 nan 3.029501784328042600e-03 nan 2.848519190083282915e+00 nan -8.016142379158460243e-03 nan -6.677806534390083940e-03 nan
3.905614645821616477e+02 6.743335505576074362e-02 nan 5.054469339643472003e-02 nan 3.408398255986347988e-03 nan 2.884059523310714468e+00 nan -8.660389487308489675e-03 nan -5.499754468292056969e-03 nan
4.129628713726068554e+02 8.232575182453782947e-02 nan 5.001961557863658647e-02 nan 4.117902458485621538e-03 nan 2.869488553951718757e+00 nan -8.136715232244006238e-03 nan -6.657498507595492089e-03 nan
4.366491540960315092e+02 1.023612092946590141e-01 nan 5.010219993519444970e-02 nan 5.128521773689290186e-03 nan 2.922683601376222740e+00 nan -8.581351909541685974e-03 nan -6.321772894482441917e-03 nan
4.616940092920593770e+02 1.114241056789154194e-01 nan 5.022469596498001232e-02 nan 5.596241830893329897e-03 nan 2.952944623270446378e+00 nan -8.966766788206358835e-03 nan -5.663291755046618962e-03 nan
4.881753605076170857e+02 1.321232447226723117e-01 nan 5.007366242752420843e-02 nan 6.615894755072263163e-03 nan 2.995244679451233516e+00 nan -7.724766697009129331e-03 nan -6.173062312209639212e-03 nan
5.161756007450991319e+02 1.524586459516464876e-01 nan 5.028637202606149603e-02 nan 7.666592188914089084e-03 nan 2.969748989895826696e+00 nan -7.454232474432018717e-03 nan -6.602440438686722583e-03 nan
5.457818488166128645e+02 1.625784142304798896e-01 nan 5.026879607803109995e-02 nan 8.172621151641662474e-03 nan 2.981978605612280120e+00 nan -7.867283940294820394e-03 nan -7.984411326946034768e-03 nan
5.770862204019205137e+02 1.999896592947431329e-01 nan 4.962395346797150025e-02 nan 9.924277546917806628e-03 nan 2.951039156989942569e+00 nan -8.153606848038459642e-03 nan -6.299940604091865473e-03 nan
6.101861146534292857e+02 2.276513838772502019e-01 nan 4.977613188269947725e-02 nan 1.133160530715305106e-02 nan 3.020777275435603926e+00 nan -9.134413825753438798e-03 nan -6.123430679897130802e-03 nan
6.451845172399623607e+02 2.645508374857367673e-01 nan 4.997139622351203653e-02 nan 1.321997472126169339e-02 nan 2.979609736116554330e+00 nan -9.119429513667644954e-03 nan -6.433812401765639545e-03 nan
6.821903207721965146e+02 2.990946334655931738e-01 nan 4.996327681633448703e-02 nan 1.494374796612153375e-02 nan 3.000571819193988077e+00 nan -8.077547831553269844e-03 nan -7.127123315304095298e-03 nan
7.213186636067138124e+02 3.499607760803876144e-01 nan 5.002982171302671616e-02 nan 1.750847523385425791e-02 nan 3.002960329718650456e+00 nan -8.018897468671222148e-03 nan -5.531504594329916466e-03 nan
7.626912880828160723e+02 4.091566165507799502e-01 nan 5.001067600430759291e-02 nan 2.046219898533977247e-02 nan 2.983569645674022830e+00 nan -8.823556843518202963e-03 nan -6.987298951630196812e-03 nan
8.064369193067005881e+02 4.883384951581613564e-01 nan 4.989913168471784427e-02 nan 2.436766687661404140e-02 nan 3.016149369798062807e+00 nan -8.752726297202256464e-03 nan -6.790671401661372425e-03 nan
8.526916656615401280e+02 5.845243782810752853e-01 nan 4.977529156438159630e-02 nan 2.909487135542940250e-02 nan 2.981769822834916539e+00 nan -8.099602463173101452e-03 nan -7.685906856652549406e-03 nan
9.015994422895851130e+02 7.037532425525182544e-01 nan 5.022779650102632276e-02 nan 3.534797465386530640e-02 nan 2.998555060585211152e+00 nan -8.962798657399262750e-03 nan -6.177528855325151690e-03 nan
9.533124188638992109e+02 8.615314304825871794e-01 nan 4.989638050319757101e-02 nan 4.298730007082327692e-02 nan 2.975244955602557084e+00 nan -7.810002361325390531e-03 nan -5.681948756663233839e-03 nan
1.007991493042915067e+03 1.063865364499799959e+00 nan 5.055512801889310709e-02 nan 5.378384969715376690e-02 nan 2.965459283227671605e+00 nan -7.864733192245178597e-03 nan -7.510011969622966584e-03 nan
1.065806791080880885e+03 1.384789184876716206e+00 nan 5.029725089544113958e-02 nan 6.965108906903762220e-02 nan 2.955198365631540369e+00 nan -9.587271327204419449e-03 nan -5.766359940869846858e-03 nan
1.126938197151791883e+03 1.858761062774602735e+00 nan 5.044409659574632804e-02 nan 9.376352259901415964e-02 nan 2.929212269707292648e+00 nan -8.719816635975730437e-03 nan -5.533511007153013930e-03 nan
1.191575913033710549e+03 2.712459502790075305e+00 nan 5.037652067830095115e-02 nan 1.366442722313581382e-01 nan 2.872446601791158294e+00 nan -9.496447732394190308e-03 nan -6.292541266496794704e-03 nan
1.259921049894872795e+03 4.570506241157311855e+00 nan 4.984346952037225359e-02 nan 2.278098885237956339e-01 nan 2.745572723074935162e+00 nan -9.752580600833999150e-03 nan -5.907934168142831358e-03 nan
1.332186254022819867e+03 9.779616882095275798e+00 nan 5.063307540353984698e-02 nan 4.951720790088613433e-01 nan 2.314920090352041271e+00 nan -8.941106345811784470e-03 nan -6.161143991525940347e-03 nan
1.408596368443429810e+03 1.198008199348661940e+01 nan 5.063291866969518024e-02 nan 6.065865172324876875e-01 nan 8.926523542712949677e-01 nan -8.793181943675584464e-03 nan -7.061721351911200671e-03 nan
1.489389132488399810e+03 5.928695510534006452e+00 nan 5.070601809352630329e-02 nan 3.006205418281455155e-01 nan 3.294048459751035551e-01 nan -8.943768355862215941e-03 nan -6.729840206398035769e-03 nan
1.574815921487757350e+03 3.823181033977684162e+00 nan 5.107511067762317281e-02 nan 1.952693944510000279e-01 nan 1.851823814049478045e-01 nan -1.001734025937919999e-02 nan -6.771140016878904669e-03 nan
1.665142528888871539e+03 2.918201440523183088e+00 nan 5.043177981322389397e-02 nan 1.471700924990979598e-01 nan 1.141809601667942431e-01 nan -1.025402296800077481e-02 nan -6.334571090917491196e-03 nan
1.760649993235402007e+03 2.401756433350991315e+00 nan 5.040233286549151287e-02 nan 1.210541272155923470e-01 nan 7.627341190646186320e-02 nan -1.001212117500147221e-02 nan -6.749728646674199410e-03 nan
1.861635472579237785e+03 2.049066724248387317e+00 nan 5.085639166598800859e-02 nan 1.042081398781190271e-01 nan 5.771499257946821615e-02 nan -8.127615660295850475e-03 nan -5.374524597652161582e-03 nan
1.968413169046005123e+03 1.828627122000694882e+00 nan 5.087193750800847458e-02 nan 9.302580467586873958e-02 nan 4.409217768244255709e-02 nan -9.057155624041720102e-03 nan -5.845876392690241286e-03 nan
2.081315306430815781e+03 1.660902530625607332e+00 nan 5.086994551300728917e-02 nan 8.449002123534056496e-02 nan 2.992977463409296490e-02 nan -9.215621913128762069e-03 nan -5.624204753031387949e-03 nan
2.200693163865922998e+03 1.553957547976133835e+00 nan 5.057257107337622543e-02 nan 7.858762854003246978e-02 nan 2.179675035697226093e-02 nan -9.964560673127091303e-03 nan -5.264555209216501518e-03 nan
2.326918168776362108e+03 1.432033241274708102e+00 nan 5.133174823198979192e-02 nan 7.350876980095361057e-02 nan 2.152895524240072689e-02 nan -9.478035458460713075e-03 nan -6.717847581624812429e-03 nan
2.460383052524181039e+03 1.367416909522835899e+00 nan 5.080723500474551568e-02 nan 6.947467227158955760e-02 nan 2.007395418944923904e-02 nan -9.267735990075166852e-03 nan -7.369264097230713434e-03 nan
2.601503072336879995e+03 1.311181306536115088e+00 nan 5.100915780195276750e-02 nan 6.688225417207130374e-02 nan 9.523463623330563621e-03 nan -9.461051362754440905e-03 nan -5.529321958407499432e-03 nan
2.750717303321900090e+03 1.244414786802724660e+00 nan 5.108453162833903605e-02 nan 6.357034653519656742e-02 nan 1.557901483809587262e-02 nan -9.287570361507780509e-03 nan -7.596576261470826610e-03 nan
2.908490004587125441e+03 1.219194517466942740e+00 nan 5.066564458787314179e-02 nan 6.177127610546361697e-02 nan 1.192379514456298750e-02 nan -9.248717879255723834e-03 nan -5.472665062215848614e-03 nan
3.075312063717827186e+03 1.189958198097292197e+00 nan 5.070443574942508358e-02 nan 6.033615899992579579e-02 nan 1.291364220965229848e-02 nan -9.639835540691891677e-03 nan -6.583391187404084507e-03 nan
3.251702524104409349e+03 1.147972297784453533e+00 nan 5.068796042210480662e-02 nan 5.818837439577109055e-02 nan 7.749931520996788947e-03 nan -8.455606869288114641e-03 nan -6.665474609346912563e-03 nan
3.438210199872957219e+03 1.119811437990863245e+00 nan 5.114127574822072142e-02 nan 5.726858553630231191e-02 nan 3.855536940738701901e-03 nan -8.841514810193370696e-03 nan -5.976075769635657252e-03 nan
3.635415383443257724e+03 1.103995271827233671e+00 nan 5.100057789733267177e-02 nan 5.630439685911178826e-02 nan 7.492838021783576608e-03 nan -1.006279043017742694e-02 nan -6.929609519482445544e-03 nan
3.843931651027108728e+03 1.085988905266693338e+00 nan 5.091808162103647617e-02 nan 5.529647171790954413e-02 nan 4.143110933674698515e-03 nan -8.865218251069791056e-03 nan -6.461233010797309481e-03 nan
4.064407771684449472e+03 1.068455339898177758e+00 nan 5.110654191438195743e-02 nan 5.460505761215143916e-02 nan 2.095895617724163884e-03 nan -9.271879077922226195e-03 nan -5.966816131429340288e-03 nan
4.297529725877133387e+03 1.051427551175691866e+00 nan 5.131915403736389547e-02 nan 5.395837245791364201e-02 nan 1.121649033756755287e-02 nan -8.728018184786825312e-03 nan -7.029110497329304347e-03 nan
4.544022839800691145e+03 1.040352145131271167e+00 nan 5.161510750371613859e-02 nan 5.369788781267225558e-02 nan -3.749951299404141736e-03 nan -8.855783789348231627e-03 nan -6.743052520526881394e-03 nan
4.804654042134871816e+03 1.023776797578297648e+00 nan 5.133526700683055388e-02 nan 5.255585525907982558e-02 nan 7.675951229444422097e-04 nan -9.453131621425114525e-03 nan -6.315276843628804711e-03 nan
5.080234250234424508e+03 1.022718406036359884e+00 nan 5.133512916128551984e-02 nan 5.250138146950058399e-02 nan -1.525773895239357358e-02 nan -9.788472736425095702e-03 nan -8.800016296317481751e-03 nan
5.371620893184476699e+03 1.008232837717579766e+00 nan 5.136956808282817921e-02 nan 5.179248540047626942e-02 nan 4.223182461434493717e-03 nan -9.536349310637017365e-03 nan -6.019479506467099485e-03 nan
5.679720579570627706e+03 1.013179718793576045e+00 nan 5.110446432982187343e-02 nan 5.177800679878526852e-02 nan 8.625520912831419196e-03 nan -8.218248594916644639e-03 nan -5.940498586509917675e-03 nan
6.005491918264122432e+03 1.006798089810684749e+00 nan 5.114283566513953827e-02 nan 5.149050925516424765e-02 nan -4.694210666413844990e-04 nan -7.949695708196653776e-03 nan -6.281088259770722937e-03 nan
6.349948500998655618e+03 9.809347292752085279e-01 nan 5.181856982069136391e-02 nan 5.083063475848837581e-02 nan -1.893143136054664666e-02 nan -9.896345169781014736e-03 nan -7.525478643752334801e-03 nan
6.714162056018550174e+03 9.863590830678223842e-01 nan 5.197982998660166665e-02 nan 5.127077744360571815e-02 nan -1.348328275492027828e-02 nan -1.069194075909739999e-02 nan -7.365198578240313154e-03 nan
7.099265782610603310e+03 9.778187820545428677e-01 nan 5.205169689980659181e-02 nan 5.089712686644110723e-02 nan 4.655656201233870917e-03 nan -9.631921037630126331e-03 nan -6.732994857436130735e-03 nan
7.506457876894370202e+03 9.871844752374896448e-01 nan 5.119734236701010965e-02 nan 5.054122155813096928e-02 nan -3.672398339979565662e-03 nan -8.867149136808560525e-03 nan -7.269678984005371880e-03 nan
7.937005259840992039e+03 9.619481665489056921e-01 nan 5.174833016293297477e-02 nan 4.977921132220081146e-02 nan 3.779645981575541214e-03 nan -9.837084396487295532e-03 nan -6.141714762353265092e-03 nan
8.392247519119742719e+03 9.782011767438808514e-01 nan 5.130010239646892733e-02 nan 5.018182053130748610e-02 nan 1.167154699951922225e-02 nan -8.790673601606152632e-03 nan -6.655854757396953425e-03 nan
8.873601077036753850e+03 9.491129701502024618e-01 nan 5.210719948423545023e-02 nan 4.945561886869180579e-02 nan -6.986053826560478797e-03 nan -9.700942226590522979e-03 nan -7.076437673186908653e-03 nan
9.382563597534001019e+03 9.733719983183524160e-01 nan 5.123748833424537907e-02 nan 4.987313640871769704e-02 nan 4.100209991092285122e-03 nan -1.023727843486137677e-02 nan -8.546485077650000511e-03 nan
9.920718645960092545e+03 9.651129137433567262e-01 nan 5.160608360932660704e-02 nan 4.980569771908048560e-02 nan -4.802178420661995517e-03 nan -8.704253701162371556e-03 nan -8.338064655620033155e-03 nan
1.048974061611135039e+04 9.587374563170923958e-01 nan 5.188209775318080447e-02 nan 4.974131042827929783e-02 nan 2.224627167477954970e-03 nan -8.779604596593115068e-03 nan -6.854183561819598459e-03 nan
1.109139993987274102e+04 9.454135251089742509e-01 nan 5.209125071584084360e-02 nan 4.924777296659847009e-02 nan 1.309540311553725189e-04 nan -8.687814180739834857e-03 nan -7.367364781201291533e-03 nan
1.172756859566785170e+04 9.655860268588438711e-01 nan 5.155313982655807675e-02 nan 4.977899145722464169e-02 nan 9.893657649291398570e-04 nan -8.537614022424254087e-03 nan -6.877521526888780157e-03 nan
1.240022593285666881e+04 9.519232339993328740e-01 nan 5.169180345127005055e-02 nan 4.920662871259086357e-02 nan 1.589716789843897971e-02 nan -8.513898366883392368e-03 nan -6.316383662842200465e-03 nan
1.311146483020289816e+04 9.585753876346569946e-01 nan 5.172281948796301349e-02 nan 4.958022174023153650e-02 nan 5.354815176976224222e-03 nan -8.081055362524371816e-03 nan -6.237406709255810359e-03 nan
1.386349820757212910e+04 9.418838106911764374e-01 nan 5.191166797378768405e-02 nan 4.889475965048624417e-02 nan 7.102080481906636322e-03 nan -9.198110786994874444e-03 nan -6.997932954670172019e-03 nan
1.465866591112085553e+04 9.558424265023092170e-01 nan 5.147139801795288377e-02 nan 4.919854597694623549e-02 nan 8.746078701561188495e-03 nan -9.202201821419463829e-03 nan -5.579304974596576393e-03 nan
1.549944199339910301e+04 9.465549208076420307e-01 nan 5.194275706455456221e-02 nan 4.916667229977002979e-02 nan 7.008192600263640770e-03 nan -8.509834853806640814e-03 nan -7.257644858776852309e-03 nan
1.638844241101709486e+04 9.304393730648927718e-01 nan 5.269877228512066109e-02 nan 4.903301264625721523e-02 nan 4.512320519153956155e-03 nan -9.919007785672095609e-03 nan -6.907822857646409714e-03 nan
1.732843316382660487e+04 9.327708086675441379e-01 nan 5.204073940750607308e-02 nan 4.854208258079636962e-02 nan 5.001629028829057688e-04 nan -1.009982871773488708e-02 nan -6.040859420334596976e-03 nan
1.832233890094079106e+04 9.536426461443360258e-01 nan 5.154395446901832017e-02 nan 4.915451313257780674e-02 nan -8.083782092027647082e-04 nan -9.401615478491552255e-03 nan -6.169283343276983460e-03 nan
1.937325202036868359e+04 9.697607184893805021e-01 nan 5.090423620047565545e-02 nan 4.936492867192640577e-02 nan 1.203410513231739642e-02 nan -9.616088434975174001e-03 nan -7.491229453187650024e-03 nan
2.048444229057719713e+04 9.525896968682810995e-01 nan 5.108197677990978375e-02 nan 4.866016477620683373e-02 nan 7.387803781257584745e-03 nan -7.972083429684310302e-03 nan -5.044538500234219819e-03 nan
2.165936702391600193e+04 9.564336537897480950e-01 nan 5.137165765174536713e-02 nan 4.913358222909489093e-02 nan -1.081184210931507295e-03 nan -9.355214076368396567e-03 nan -7.257589302336390352e-03 nan
2.290168183355902511e+04 9.447348756949098814e-01 nan 5.135810593016568171e-02 nan 4.851979382186109163e-02 nan 7.037735958717483697e-03 nan -9.301139157029264526e-03 nan -6.569349466687950806e-03 nan
2.421525200743103051e+04 9.610004246456269605e-01 nan 5.101366743967625239e-02 nan 4.902415607225966976e-02 nan 3.579786961692477121e-03 nan -8.288845220069179440e-03 nan -7.508216230959196061e-03 nan
2.560416453450775589e+04 9.295869949007866673e-01 nan 5.124577705760616220e-02 nan 4.763740789633578998e-02 nan 2.608618272066376420e-02 nan -9.585959612271209226e-03 nan -7.760817584149095130e-03 nan
2.707274082090768206e+04 9.332047962188884105e-01 nan 5.164322869813321032e-02 nan 4.819370871332685075e-02 nan 2.120745852392902364e-02 nan -9.572885170699520219e-03 nan -9.033864940653554138e-03 nan
2.862555013533980673e+04 9.587811137843514908e-01 nan 5.121102460427941205e-02 nan 4.910016320812884277e-02 nan 1.293856468235832224e-02 nan -9.032072354747570225e-03 nan -8.972085667664242772e-03 nan
3.026742382574102885e+04 9.203794236128874928e-01 nan 5.249341551605429812e-02 nan 4.831385951613786228e-02 nan 6.252679296101515405e-03 nan -1.001290289036212665e-02 nan -6.509892224641906401e-03 nan
3.200347035133626923e+04 9.565810967928815023e-01 nan 5.061283048020493586e-02 nan 4.841527689254662009e-02 nan 3.275122802627317142e-02 nan -8.897424946923603029e-03 nan -5.580262261948938998e-03 nan
3.383909117689113191e+04 9.561501790691216973e-01 nan 5.132034154389405328e-02 nan 4.906995375708278484e-02 nan 2.586966660552025843e-02 nan -9.371480791397990284e-03 nan -8.434024529221508665e-03 nan
3.577999757861070248e+04 9.490574833652103415e-01 nan 5.199182275296239386e-02 nan 4.934322845749657127e-02 nan 7.059417647600874091e-03 nan -9.382026459091096643e-03 nan -7.501097982770402357e-03 nan
3.783222841397252341e+04 9.469984859997570004e-01 nan 5.161150272986559512e-02 nan 4.887601494535504659e-02 nan 1.315505022030860616e-02 nan -8.545853084474244396e-03 nan -7.516049156679555955e-03 nan
4.000216891078303161e+04 9.420486781542690702e-01 nan 5.123676020713894413e-02 nan 4.826752222604249742e-02 nan 9.564380798654958937e-03 nan -9.011807088516416570e-03 nan -6.383167929957371881e-03 nan
4.229657053391608497e+04 9.427238961140868012e-01 nan 5.204989782591536857e-02 nan 4.906868247078707140e-02 nan 1.815787827695825030e-02 nan -9.180550950910523061e-03 nan -5.403779919809088318e-03 nan
4.472257199154752743e+04 9.228882018679376298e-01 nan 5.238908419913244907e-02 nan 4.834926771404533113e-02 nan 1.614114110580100458e-03 nan -1.080408022668239224e-02 nan -7.398600477210240910e-03 nan
4.728772144624200155e+04 9.334323267089151832e-01 nan 5.142365046765973169e-02 nan 4.800049770389362008e-02 nan 2.969543791114714892e-02 nan -8.606777342304000600e-03 nan -4.293054429796955111e-03 nan
4.999999999999999272e+04 9.388303414801911773e-01 nan 5.207534648527498838e-02 nan 4.888991532346999291e-02 nan 3.427775865755089413e-02 nan -9.238181078800516283e-03 nan -6.313655294206981308e-03 nan
