1.000000000000000000e+00 1.527624124328824955e-04 nan 1.999302724625203309e+00 nan 3.054183073973809961e-04 nan -1.603520778354869947e-01 nan -7.576032940606122409e-03 nan -3.785260132871060001e-02 nan
1.176811952434998476e+00 7.990234733424514131e-05 nan 1.999344125978850251e+00 nan 1.597522887946448665e-04 nan 1.151989647200117872e-01 nan -7.625557487803031297e-03 nan -3.844716297005066480e-02 nan
1.384886371393873050e+00 1.880365974106702634e-04 nan 1.999333693634282039e+00 nan 3.759479048394978270e-04 nan 1.487690152515455111e-01 nan -7.650797564784607950e-03 nan -3.847445201687150346e-02 nan
1.629750834620644184e+00 2.804949308192915465e-04 nan 1.999336748865583546e+00 nan 5.608038230575191838e-04 nan 3.285114336187611173e-01 nan -7.601271207525624012e-03 nan -3.899121781682598348e-02 nan
1.917910261672488570e+00 1.996722289455630237e-04 nan 1.999312481885956228e+00 nan 3.992071796168544860e-04 nan 1.396661993983663308e-01 nan -7.643562485905865470e-03 nan -3.883292419042038562e-02 nan
2.257019719633920118e+00 1.936446484513889709e-04 nan 1.999372811624199775e+00 nan 3.871678452302332991e-04 nan 2.560593472772296764e-01 nan -7.645162588001748472e-03 nan -3.839210840385944012e-02 nan
2.656087782946686016e+00 1.818468557759415861e-04 nan 1.999301451124743112e+00 nan 3.635666826353118925e-04 nan 2.570541357171940433e-01 nan -7.627049554144624613e-03 nan -3.810096888198868936e-02 nan
3.125715849688236236e+00 2.764784868885766344e-04 nan 1.999324085868438683e+00 nan 5.527700980607926215e-04 nan 7.979132544802851612e-01 nan -7.709341553391029812e-03 nan -3.847942950337872314e-02 nan
3.678379771828633515e+00 1.875724996428330472e-04 nan 1.999269753467673327e+00 nan 3.750080251182420928e-04 nan 8.601998800440924242e-01 nan -7.712409499650208292e-03 nan -3.774976619811539619e-02 nan
4.328761281083058243e+00 2.117417668961702295e-04 nan 1.999245951434249546e+00 nan 4.233238702167029226e-04 nan 6.807898575220541204e-01 nan -7.715391386247103141e-03 nan -3.813369996587141764e-02 nan
5.094138014816379290e+00 2.919585495240441470e-04 nan 1.999299466117700153e+00 nan 5.837125721919196163e-04 nan 1.700610860034743155e+00 nan -7.690906953421584695e-03 nan -3.831476727554516265e-02 nan
5.994842503189410365e+00 3.097609702563861554e-04 nan 1.999296669976886154e+00 nan 6.193040763224021659e-04 nan 1.185566215547378732e+00 nan -7.748490800461602622e-03 nan -3.842532915261339527e-02 nan
7.054802310718641500e+00 3.598140485196178696e-04 nan 1.999364330374059140e+00 nan 7.193993741776050395e-04 nan 1.415632974992014681e+00 nan -7.764466371289462966e-03 nan -3.843714711129588013e-02 nan
8.302175681319743816e+00 3.799285333971157272e-04 nan 1.999319235544178230e+00 nan 7.595984249529421934e-04 nan 1.054703904815269766e+00 nan -7.716008903175575022e-03 nan -3.881881854416605743e-02 nan
9.770099572992251069e+00 3.626610360060038589e-04 nan 1.999378439487048187e+00 nan 7.250966562324401852e-04 nan 1.341332343665854410e+00 nan -7.680686574895759407e-03 nan -3.841891589835890602e-02 nan
1.149756995397735615e+01 6.171672884729962043e-04 nan 1.999379524512493900e+00 nan 1.233951639771804385e-03 nan 1.713318881963775908e+00 nan -7.663970729121258145e-03 nan -3.844797889785242506e-02 nan
1.353047774579806806e+01 4.506596221253762356e-04 nan 1.999341188178242801e+00 nan 9.010223443641076713e-04 nan 1.833190844999613489e+00 nan -7.705301331201106808e-03 nan -3.830063923777044660e-02 nan
1.592282793341092173e+01 5.483316824810460614e-04 nan 1.999298378955706612e+00 nan 1.096278643914410517e-03 nan 1.803556840244432635e+00 nan -7.639458635342364669e-03 nan -3.868644380817484046e-02 nan
1.873817422860383886e+01 6.808319264283083224e-04 nan 1.999289004187752461e+00 nan 1.361179784208081623e-03 nan 1.631751499385185156e+00 nan -7.617347196202862991e-03 nan -3.850487310021825926e-02 nan
2.205130739903045622e+01 6.785342939129284517e-04 nan 1.999263600828794285e+00 nan 1.356568915734184715e-03 nan 1.902861503968683365e+00 nan -7.678982556948904525e-03 nan -3.882627338968371034e-02 nan
2.595024211399735847e+01 8.913051138008627272e-04 nan 1.999364457598833633e+00 nan 1.782043765409528592e-03 nan 1.725090164356689826e+00 nan -7.674269876600590783e-03 nan -3.828020051820072572e-02 nan
3.053855508833415655e+01 1.244531387696384437e-03 nan 1.999367695605635653e+00 nan 2.488275852727404175e-03 nan 1.920591412503579676e+00 nan -7.685096422049923423e-03 nan -3.837515211142175642e-02 nan
3.593813663804627367e+01 1.449615948763941127e-03 nan 1.999344969772692604e+00 nan 2.898282355263454794e-03 nan 2.092535613977126729e+00 nan -7.674834896057244199e-03 nan -3.780663510197558586e-02 nan
4.229242874389498752e+01 1.978460981426500859e-03 nan 1.999269910211237677e+00 nan 3.955477508692997225e-03 nan 1.972699668623103975e+00 nan -7.551607046568857388e-03 nan -3.798515746981569879e-02 nan
4.977023564332108663e+01 2.262888751815392719e-03 nan 1.999396108072631684e+00 nan 4.524410963381031610e-03 nan 1.981345936076788661e+00 nan -7.643787685463835843e-03 nan -3.790479894626091334e-02 nan
5.857020818056664524e+01 2.699100581443716375e-03 nan 1.999361621892546292e+00 nan 5.396478116166423394e-03 nan 2.203717216880136220e+00 nan -7.655822854030202955e-03 nan -3.828634709007568138e-02 nan
6.892612104349694846e+01 3.537850994600882058e-03 nan 1.999360985155230086e+00 nan 7.073441249897630123e-03 nan 2.318108167018376520e+00 nan -7.736842059085869729e-03 nan -3.801040924087899925e-02 nan
8.111308307896868541e+01 4.630656160734813835e-03 nan 1.999363159162484527e+00 nan 9.258363330521979934e-03 nan 2.459845158178719515e+00 nan -7.712242607990821980e-03 nan -3.763379015100323105e-02 nan
9.545484566618337396e+01 5.832435243803505559e-03 nan 1.999286474103594280e+00 nan 1.166070889402144768e-02 nan 2.480989950714540981e+00 nan -7.677329695520649852e-03 nan -3.873725905457866409e-02 nan
1.123324032978027702e+02 7.593630914008784108e-03 nan 1.999353070681159528e+00 nan 1.518234928554284234e-02 nan 2.593360024210884518e+00 nan -7.666049159635835233e-03 nan -3.810125367851024958e-02 nan
1.321941148466028721e+02 1.028056257465516377e-02 nan 1.999306004924215285e+00 nan 2.055399048950722063e-02 nan 2.660165825668521222e+00 nan -7.596387195546884692e-03 nan -3.836960983451987578e-02 nan
1.555676143930472222e+02 1.379894485032704364e-02 nan 1.999302718087224262e+00 nan 2.758826794599456358e-02 nan 2.704378730624874549e+00 nan -7.649782395879415123e-03 nan -3.831641523969148144e-02 nan
1.830738280295367701e+02 1.873177804217135423e-02 nan 1.999313583456023835e+00 nan 3.745069828199647233e-02 nan 2.776597359481485228e+00 nan -7.726671502516583960e-03 nan -3.819289657630759588e-02 nan
2.154434690031882269e+02 2.592897678227722505e-02 nan 1.999241499347785389e+00 nan 5.183828641875383447e-02 nan 2.822138603144395574e+00 nan -7.660577048383247940e-03 nan -3.851492931713468987e-02 nan
2.535364493970111539e+02 3.553083608649499486e-02 nan 1.999315253416802829e+00 nan 7.103734255438162726e-02 nan 2.864896238860143995e+00 nan -7.609558653600764430e-03 nan -3.754881659590739162e-02 nan
2.983647240283337396e+02 4.929141547345580049e-02 nan 1.999293054348146859e+00 nan 9.854798459506895758e-02 nan 2.902857207968729369e+00 nan -7.772358803497947909e-03 nan -3.641055468115906441e-02 nan
3.511191734215130964e+02 6.915841450037855942e-02 nan 1.999254083289559558e+00 nan 1.382652425837137267e-01 nan 2.933099817559835287e+00 nan -7.632754104632128757e-03 nan -3.793912371233695846e-02 nan
4.132012400115334572e+02 9.764651434839723143e-02 nan 1.999255945813014135e+00 nan 1.952203743989489593e-01 nan 2.956698309161833294e+00 nan -7.664986412088179921e-03 nan -3.798320209800588876e-02 nan
4.862601580065353346e+02 1.402677194719701426e-01 nan 1.999293590548955724e+00 nan 2.804363525012288361e-01 nan 2.978166574358603214e+00 nan -7.579382798646699081e-03 nan -3.737556660745811749e-02 nan
5.722367659350214808e+02 2.050860144517312189e-01 nan 1.999304776237300629e+00 nan 4.100294482328182832e-01 nan 2.992046225105319479e+00 nan -7.640711791615241791e-03 nan -3.748396076675473976e-02 nan
6.734150657750820983e+02 3.093414487138116398e-01 nan 1.999287364886557672e+00 nan 6.184624498492267142e-01 nan 3.000998729956904754e+00 nan -7.558101129464755118e-03 nan -3.735341531347835531e-02 nan
7.924828983539169940e+02 4.881053555771142638e-01 nan 1.999296094336943330e+00 nan 9.758671310302694524e-01 nan 3.001455791216137925e+00 nan -7.562846345896912480e-03 nan -3.752449623152573355e-02 nan
9.326033468832199560e+02 8.430309692264158494e-01 nan 1.999447972221530812e+00 nan 1.685596561939708860e+00 nan 2.986783997872002772e+00 nan -7.720904925160664012e-03 nan -3.739368217703004094e-02 nan
1.097498765493055544e+03 1.767109052083472021e+00 nan 1.999359127478191223e+00 nan 3.533085612532424147e+00 nan 2.926385045465604406e+00 nan -7.619662111908870328e-03 nan -3.774346638295770356e-02 nan
1.291549665014884113e+03 2.147027341917352672e+00 nan 1.999332168917536956e+00 nan 4.292620832240874762e+00 nan 2.520319632526895504e+00 nan -7.636360710091685995e-03 nan -6.206091082090391398e-01 nan
1.519911082952933157e+03 2.243840256291347313e+00 nan 1.999181447305014236e+00 nan 4.485843811093789490e+00 nan 1.700440771670354678e+00 nan -7.658043863930550157e-03 nan -1.128170913561547639e+00 nan
1.788649529057435075e+03 2.258895542772917153e+00 nan 1.999379798720809953e+00 nan 4.516390115640649405e+00 nan 8.133013153136481321e-01 nan -7.720743288552353416e-03 nan -1.087411929704432012e+00 nan
2.104904144512019684e+03 1.607944566386888097e+00 nan 1.999774234061890477e+00 nan 3.215526113660317709e+00 nan 5.206453815703682153e-02 nan -7.766455946795563191e-03 nan -3.541703373737611904e-02 nan
2.477076355991709079e+03 1.347454147264291580e+00 nan 2.000139928898225783e+00 nan 2.695096842302819429e+00 nan 3.649483616292670263e-02 nan -7.814557794151714629e-03 nan -3.652556757903373946e-02 nan
2.915053062825175857e+03 1.207497197714676451e+00 nan 2.000392677982768763e+00 nan 2.415468552993150553e+00 nan 2.882372006752476068e-02 nan -7.719418308000886540e-03 nan -3.442001348014109285e-02 nan
3.430469286314915735e+03 1.124155167481812434e+00 nan 2.000950479456911069e+00 nan 2.249378821356696534e+00 nan 2.455798884864179854e-02 nan -7.590869103056339592e-03 nan -3.629067011168183449e-02 nan
4.037017258596553802e+03 1.071827435606547807e+00 nan 2.001376604297482764e+00 nan 2.145130353467111561e+00 nan 2.186094790780757080e-02 nan -7.699194546713225389e-03 nan -3.377232604365184437e-02 nan
4.750810162102793583e+03 1.037161508531022847e+00 nan 2.001979775080283908e+00 nan 2.076376363570865191e+00 nan 1.974194250309579957e-02 nan -7.688370506182993017e-03 nan -3.498036044395252259e-02 nan
5.590810182512223037e+03 1.013811707290423136e+00 nan 2.002685746220159047e+00 nan 2.030346255541654710e+00 nan 1.736965668367673743e-02 nan -7.759321588764315526e-03 nan -3.348593743390381600e-02 nan
6.579332246575675526e+03 9.970517080451244407e-01 nan 2.003430910268789944e+00 nan 1.997524211033895547e+00 nan 1.566461457654355627e-02 nan -7.682983919636472876e-03 nan -3.442174279673729936e-02 nan
7.742636826811270112e+03 9.837247800512142204e-01 nan 2.004593598208844529e+00 nan 1.971968396490067610e+00 nan 1.355264642832665345e-02 nan -7.556841085283524072e-03 nan -3.148237754278642581e-02 nan
9.111627561154886280e+03 9.721113606953303288e-01 nan 2.005416899311754708e+00 nan 1.949488550751360183e+00 nan 1.159287485408100338e-02 nan -7.663077542308487956e-03 nan -2.956681420060732965e-02 nan
1.072267222010323167e+04 9.594862165526379938e-01 nan 2.005996722890162953e+00 nan 1.924726206062873146e+00 nan 1.069376693461165928e-02 nan -7.497087622550135076e-03 nan -3.004738394995386946e-02 nan
1.261856883066020964e+04 9.370111482408240988e-01 nan 2.007171214824717165e+00 nan 1.880741804718838006e+00 nan 1.473158063000568063e-02 nan -7.646703169972189455e-03 nan -2.273348634332049423e-02 nan
1.484968262254463480e+04 8.957995495961919019e-01 nan 2.007961839153930672e+00 nan 1.798731311120432164e+00 nan 3.574846013000154699e-02 nan -7.897213723229937893e-03 nan -8.940042656571662097e-03 nan
1.747528400007683013e+04 8.513780219363327184e-01 nan 2.008622123670518622e+00 nan 1.710096730468162018e+00 nan 7.528461240720574210e-02 nan -7.698349417854283457e-03 nan 2.433248543922612514e-03 nan
2.056512308348651641e+04 8.177906447610481244e-01 nan 2.009311489091010650e+00 nan 1.643196138189519262e+00 nan 1.254812181016369266e-01 nan -7.764279340165706166e-03 nan 1.429423312010872152e-02 nan
2.420128264794383358e+04 7.992278268610972791e-01 nan 2.010253196897394456e+00 nan 1.606650293996878087e+00 nan 1.755655960121416115e-01 nan -7.583362192980905303e-03 nan 2.104273451724475788e-02 nan
2.848035868435799057e+04 8.007998542313347068e-01 nan 2.011139105825256568e+00 nan 1.610519902783802193e+00 nan 2.138565853752147916e-01 nan -7.476146375956462496e-03 nan 4.784104597360695765e-02 nan
3.351602650938840816e+04 8.311826498142198538e-01 nan 2.012081980774835799e+00 nan 1.672407632423872137e+00 nan 2.261434414510397062e-01 nan -7.639209652017427132e-03 nan 1.274037955245142240e-01 nan
3.944206059437656222e+04 8.695450509818616336e-01 nan 2.013292008773297947e+00 nan 1.750648102410151896e+00 nan 2.204283611290911438e-01 nan -7.469156720652641961e-03 nan 3.861047640576312223e-01 nan
4.641588833612772578e+04 8.994536649851695431e-01 nan 2.014839159461638829e+00 nan 1.812254466333409475e+00 nan 2.128025503741248770e-01 nan -7.485111689583996697e-03 nan 1.029705990995634091e+00 nan
5.462277217684336938e+04 9.235333049093251701e-01 nan 2.016437318604995088e+00 nan 1.862247020993768931e+00 nan 1.966527760275731396e-01 nan -7.744356709330824963e-03 nan 1.866945771098970086e+00 nan
6.428073117284318869e+04 9.433305726002315650e-01 nan 2.018136082393196862e+00 nan 1.903769466189162429e+00 nan 1.822076061714525963e-01 nan -7.801101462681495936e-03 nan 2.711012935622016062e+00 nan
7.564633275546290679e+04 9.596428544159845142e-01 nan 2.020155203753642326e+00 nan 1.938627506093450137e+00 nan 1.670148149324894860e-01 nan -7.784012554800236877e-03 nan 2.759871203849628252e+00 nan
8.902150854450374027e+04 9.735542698958460361e-01 nan 2.021777190885063025e+00 nan 1.968309816964182168e+00 nan 1.490412494787847208e-01 nan -7.613749977320088957e-03 nan 2.791944955229654468e+00 nan
1.047615752789664111e+05 9.840397409487277036e-01 nan 2.023293575664923516e+00 nan 1.991001286060536390e+00 nan 1.306992750558215732e-01 nan -7.459896843453090939e-03 nan 2.823970328496944404e+00 nan
1.232846739442065882e+05 9.914886817522602369e-01 nan 2.024503576427657325e+00 nan 2.007272382194994265e+00 nan 1.143823621289214998e-01 nan -7.784664319142169456e-03 nan 2.858016995706324170e+00 nan
1.450828778495940205e+05 9.980286939658417067e-01 nan 2.024309145903336216e+00 nan 2.020318613069015168e+00 nan 9.805059257275061668e-02 nan -7.828698865519003944e-03 nan 2.884855798716744690e+00 nan
1.707352647470688680e+05 1.002508191396805026e+00 nan 2.023598660790796977e+00 nan 2.028674233542378413e+00 nan 8.402148389877694967e-02 nan -7.679105130300282155e-03 nan 2.915090874917385833e+00 nan
2.009233002565045899e+05 1.005868112641495671e+00 nan 2.021882635243216431e+00 nan 2.033747270294707921e+00 nan 7.240697262124839995e-02 nan -7.853657121319282744e-03 nan 2.948936727177108974e+00 nan
2.364489412645407137e+05 1.007110643454834031e+00 nan 2.019047629177263659e+00 nan 2.033404356986671324e+00 nan 6.198762589061601602e-02 nan -7.740490453946286854e-03 nan 2.987024426870812377e+00 nan
2.782559402207125677e+05 1.008141505497224477e+00 nan 2.014996985431119381e+00 nan 2.031402094464897612e+00 nan 5.333974804408470050e-02 nan -7.668223290457592926e-03 nan 3.010070998806993803e+00 nan
3.274549162877724739e+05 1.009866605624484270e+00 nan 2.010310229716269603e+00 nan 2.030145167935746287e+00 nan 4.570894294884553233e-02 nan -7.900657041489985224e-03 nan 3.018144366470168372e+00 nan
3.853528593710527639e+05 1.011379002306580954e+00 nan 2.005333986131879520e+00 nan 2.028152686185539455e+00 nan 3.931654542376250561e-02 nan -7.690585756787540403e-03 nan 3.032665541188070524e+00 nan
4.534878508128582034e+05 1.011393755783490445e+00 nan 1.999334502218872212e+00 nan 2.022114431266660350e+00 nan 3.250154456454623642e-02 nan -7.955218422096713496e-03 nan 3.063345639026481049e+00 nan
5.336699231206302065e+05 1.017839067441540291e+00 nan 1.992896162770046775e+00 nan 2.028447571821688555e+00 nan 2.684591882218967385e-02 nan -7.960301780458936549e-03 nan 4.140100150173761762e+00 nan
6.280291441834246507e+05 1.007478478222995300e+00 nan 1.993699982192127518e+00 nan 2.008609824092137508e+00 nan 1.824680244215670655e-02 nan -7.547007385606947956e-03 nan 4.979389056231323885e+00 nan
7.390722033525775187e+05 1.008322978178790130e+00 nan 1.989745911410098822e+00 nan 2.006306523212102011e+00 nan 1.564495988727543363e-02 nan -7.814706836652312791e-03 nan 4.996915536453461648e+00 nan
8.697490026177833788e+05 1.007682652832528669e+00 nan 1.985490144030185533e+00 nan 2.000743975509176931e+00 nan 1.190420706383576999e-02 nan -7.353837844325119590e-03 nan 5.013001176012193305e+00 nan
1.023531021899024723e+06 1.007048845679151539e+00 nan 1.980983297728325043e+00 nan 1.994946943286988850e+00 nan 1.048863658451182346e-02 nan -7.730968972816424159e-03 nan 5.025411398837531074e+00 nan
1.204503540258781053e+06 1.006447431681804172e+00 nan 1.976019181959552506e+00 nan 1.988759430637171421e+00 nan 8.263222151249749459e-03 nan -7.494422661663877050e-03 nan 5.039328652864423219e+00 nan
1.417474162926804740e+06 1.007669520081099668e+00 nan 1.969130726719971580e+00 nan 1.984233014370860637e+00 nan 6.103205896359042981e-03 nan -7.725832111030840089e-03 nan 5.051655172625627799e+00 nan
1.668100537200059043e+06 1.007525114770949193e+00 nan 1.960731519779292942e+00 nan 1.975486249500649771e+00 nan 4.452990829395986339e-03 nan -7.961523672780902033e-03 nan 5.069920266768979111e+00 nan
1.963040650040268432e+06 1.007728111912708613e+00 nan 1.947857434608322391e+00 nan 1.962910694852977089e+00 nan 2.546519529222024403e-03 nan -7.627324256339075396e-03 nan 5.079628693713158505e+00 nan
2.310129700083157979e+06 1.007080494874246668e+00 nan 1.931597821655019809e+00 nan 1.945274490130354028e+00 nan 1.627994273338373432e-03 nan -7.105076128719921974e-03 nan 5.099403883852560604e+00 nan
2.718588242732940242e+06 1.008130370571764134e+00 nan 1.908952939538250071e+00 nan 1.924473434340754574e+00 nan 1.453685708707297408e-03 nan -7.646356390282813865e-03 nan 5.117848755343456624e+00 nan
3.199267137797384523e+06 1.008213610757828782e+00 nan 1.878872814139457503e+00 nan 1.894305144098265448e+00 nan -9.030831580965070771e-04 nan -7.470419633672298505e-03 nan 5.123637088398623085e+00 nan
3.764935806792463642e+06 1.007187258659272722e+00 nan 1.838241250517998582e+00 nan 1.851453165863616412e+00 nan -1.978829517504721025e-03 nan -8.208359796613887843e-03 nan 5.133877978050695567e+00 nan
4.430621457583877258e+06 1.007400637827590373e+00 nan 1.798875611921377127e+00 nan 1.812188438822092351e+00 nan -2.392019126933320194e-03 nan -7.305454709997116942e-03 nan -4.163677882731146696e+00 nan
5.214008287999684922e+06 1.008768555288942492e+00 nan 1.753110979667660274e+00 nan 1.768483230220528446e+00 nan -2.829059555438107054e-04 nan -8.118782906055548032e-03 nan -4.021042682477030006e+00 nan
6.135907273413163610e+06 1.005019671188555286e+00 nan 1.646805197401401522e+00 nan 1.655071618003960410e+00 nan -3.195372688763242763e-03 nan -6.225177718799711733e-03 nan -3.788511937709333033e+00 nan
7.220809018385455944e+06 1.009309392464038169e+00 nan 1.569380980220894672e+00 nan 1.583990963691368048e+00 nan 5.755320442375477796e-04 nan -7.828081728691857477e-03 nan 4.342742042703126693e+00 nan
8.497534359086439013e+06 1.007197154713476372e+00 nan 1.480606484831862968e+00 nan 1.491262638772974158e+00 nan -2.657474786929014954e-04 nan -6.355601757972139700e-03 nan -3.965452480168706551e+00 nan
1.000000000000000000e+07 1.003598392835075792e+00 nan 1.300630237795965316e+00 nan 1.305310416324733103e+00 nan -4.860919909421834717e-03 nan -7.455613261872139248e-03 nan 2.347602857497606887e+00 nan
