1.000000000000000000e+00 7.299877687194564733e-05 nan 1.999323670182390877e+00 nan 1.459481824944438113e-04 nan 1.560516859122802913e+00 nan -7.687619285477086117e-03 nan -3.450668608250630036e-03 nan
1.176811952434998476e+00 7.486378049209290310e-05 nan 1.999359848349136382e+00 nan 1.496796368115138956e-04 nan 1.398208564757641881e+00 nan -7.738357053906637362e-03 nan -3.441192269523937492e-03 nan
1.384886371393873050e+00 1.015569860162519384e-04 nan 1.999315050012484107e+00 nan 2.030444105761998995e-04 nan 1.557881395543667225e+00 nan -7.714953237909892396e-03 nan -3.449666955438520505e-03 nan
1.629750834620644184e+00 1.347831410344486327e-04 nan 1.999369428972870288e+00 nan 2.694812917252153994e-04 nan 1.288908749487070793e+00 nan -7.746147968426242078e-03 nan -3.398529273850825656e-03 nan
1.917910261672488570e+00 1.571016817820636519e-04 nan 1.999356424863232951e+00 nan 3.141022568277880632e-04 nan 1.549016174328823325e+00 nan -7.773387732838543847e-03 nan -3.439446042133993426e-03 nan
2.257019719633920118e+00 1.428204158398770096e-04 nan 1.999341803451303745e+00 nan 2.855468277749648588e-04 nan 1.420668510214081692e+00 nan -7.718340154678868421e-03 nan -3.431785499445517626e-03 nan
2.656087782946686016e+00 1.765843394620365803e-04 nan 1.999356298473440985e+00 nan 3.530550113151950512e-04 nan 1.510939719144296589e+00 nan -7.732714066814717728e-03 nan -3.365634057090883396e-03 nan
3.125715849688236236e+00 2.225766459241483879e-04 nan 1.999315361764340437e+00 nan 4.450009073661322372e-04 nan 1.502391575996245621e+00 nan -7.669856694093086028e-03 nan -3.385528535031637112e-03 nan
3.678379771828633515e+00 2.804163730470722029e-04 nan 1.999305649078999769e+00 nan 5.606380387272555822e-04 nan 1.549842334659153664e+00 nan -7.621292405981415150e-03 nan -3.421021146494534169e-03 nan
4.328761281083058243e+00 2.747527164598168362e-04 nan 1.999320925111544467e+00 nan 5.493188552493508603e-04 nan 1.546560381298380804e+00 nan -7.587357877276828741e-03 nan -3.411442134476292722e-03 nan
5.094138014816379290e+00 3.791966751560900992e-04 nan 1.999347537348158621e+00 nan 7.581459386439383993e-04 nan 1.595946643296620948e+00 nan -7.581630567910593345e-03 nan -3.461414172307011438e-03 nan
5.994842503189410365e+00 4.096318846219270705e-04 nan 1.999302384016671930e+00 nan 8.189780034938610618e-04 nan 1.549859835198205360e+00 nan -7.622197548064721037e-03 nan -3.416054892073663602e-03 nan
7.054802310718641500e+00 4.971134285474407884e-04 nan 1.999292787327168419e+00 nan 9.938752921783780298e-04 nan 1.609681536181579276e+00 nan -7.716126752613214172e-03 nan -3.378849228048385039e-03 nan
8.302175681319743816e+00 5.912900497873316589e-04 nan 1.999294755597416318e+00 nan 1.182163095576747435e-03 nan 1.561073633998692145e+00 nan -7.684482588204945112e-03 nan -3.407062455435806454e-03 nan
9.770099572992251069e+00 6.970539633415175551e-04 nan 1.999255135920414483e+00 nan 1.393588716224209356e-03 nan 1.643614523649556958e+00 nan -7.697777880812941079e-03 nan -3.389366570919828334e-03 nan
1.149756995397735615e+01 8.405536706997520984e-04 nan 1.999315065347945897e+00 nan 1.680531617063530563e-03 nan 1.621872664962996424e+00 nan -7.734176066634218701e-03 nan -3.386218621426153458e-03 nan
1.353047774579806806e+01 9.693600755628209225e-04 nan 1.999348335552504796e+00 nan 1.938088453627576395e-03 nan 1.627698590641454501e+00 nan -7.723712792498518831e-03 nan -3.423152727031265538e-03 nan
1.592282793341092173e+01 1.152878931540748378e-03 nan 1.999271421637558888e+00 nan 2.304917900437462083e-03 nan 1.662911871436755007e+00 nan -7.735927541870273559e-03 nan -3.345197492637163109e-03 nan
1.873817422860383886e+01 1.314731495940405902e-03 nan 1.999299761649501628e+00 nan 2.628542366466746043e-03 nan 1.687730354793483656e+00 nan -7.777747570035721536e-03 nan -3.371910472426891976e-03 nan
2.205130739903045622e+01 1.563372867097805822e-03 nan 1.999271545297018449e+00 nan 3.125606887878060527e-03 nan 1.721669904730319445e+00 nan -7.752318351221850444e-03 nan -3.421889285704924569e-03 nan
2.595024211399735847e+01 1.835355629190433147e-03 nan 1.999375137192064722e+00 nan 3.669564412908850499e-03 nan 1.717883455414202842e+00 nan -7.776550205046760082e-03 nan -3.463545663282026690e-03 nan
3.053855508833415655e+01 2.147815111565219703e-03 nan 1.999348253048956359e+00 nan 4.294230391180071417e-03 nan 1.758532734275490839e+00 nan -7.715611156134376952e-03 nan -3.451301465827763017e-03 nan
3.593813663804627367e+01 2.538488646036961109e-03 nan 1.999324554595265369e+00 nan 5.075262681582985887e-03 nan 1.777834845837809041e+00 nan -7.734337464582437607e-03 nan -3.354426465056384657e-03 nan
4.229242874389498752e+01 3.148459340736006837e-03 nan 1.999252532709017371e+00 nan 6.294565311097824814e-03 nan 1.817163851555374521e+00 nan -7.708557839348199013e-03 nan -3.358063906243418523e-03 nan
4.977023564332108663e+01 4.005496990632557638e-03 nan 1.999318482587968626e+00 nan 8.008264165322159789e-03 nan 1.911626108559129733e+00 nan -7.715615447741565498e-03 nan -3.375353079968579275e-03 nan
5.857020818056664524e+01 4.567799584426779531e-03 nan 1.999321451451391285e+00 nan 9.132499695075211449e-03 nan 1.917023502792844170e+00 nan -7.700142405727826433e-03 nan -3.456608933429313347e-03 nan
6.892612104349694846e+01 5.294184103891734147e-03 nan 1.999336253038534128e+00 nan 1.058485420917106880e-02 nan 1.980264074576968625e+00 nan -7.693358971745271890e-03 nan -3.396295773941511269e-03 nan
8.111308307896868541e+01 6.367417445129103064e-03 nan 1.999340872256136770e+00 nan 1.273063794876336252e-02 nan 2.052752458852467043e+00 nan -7.714775318403720161e-03 nan -3.273790695661854024e-03 nan
9.545484566618337396e+01 7.901620814004299553e-03 nan 1.999332673820936934e+00 nan 1.579796866958238510e-02 nan 2.122513124348003544e+00 nan -7.732874997349379123e-03 nan -3.406957952323208527e-03 nan
1.123324032978027702e+02 9.820663655368638140e-03 nan 1.999327564448079686e+00 nan 1.963472354735195519e-02 nan 2.196764628638771200e+00 nan -7.699637164465016753e-03 nan -3.491220981775935896e-03 nan
1.321941148466028721e+02 1.229940398537014354e-02 nan 1.999312306492892377e+00 nan 2.459034975047825339e-02 nan 2.278682836914963872e+00 nan -7.633792249106397323e-03 nan -3.240677164176171323e-03 nan
1.555676143930472222e+02 1.563735840066153224e-02 nan 1.999268022450824356e+00 nan 3.126327060604536939e-02 nan 2.357774219644227287e+00 nan -7.658820277173461477e-03 nan -3.517842213020931814e-03 nan
1.830738280295367701e+02 2.021570611851584640e-02 nan 1.999378430769559900e+00 nan 4.041884677613680199e-02 nan 2.433539717586960194e+00 nan -7.656989221217045880e-03 nan -3.341370616182903937e-03 nan
2.154434690031882269e+02 2.656657368528124105e-02 nan 1.999303317314021777e+00 nan 5.311463889865018079e-02 nan 2.509889609632963925e+00 nan -7.675028330813613020e-03 nan -3.438441471805059411e-03 nan
2.535364493970111539e+02 3.542421759847138446e-02 nan 1.999326664700141531e+00 nan 7.082458282076385669e-02 nan 2.579227598992019921e+00 nan -7.569514728198308354e-03 nan -3.204073628908937071e-03 nan
2.983647240283337396e+02 4.765382769219037029e-02 nan 1.999326971258029939e+00 nan 9.527558298867901121e-02 nan 2.644212702388518466e+00 nan -7.697397986690722102e-03 nan -3.164264945055707701e-03 nan
3.511191734215130964e+02 6.514744773742656148e-02 nan 1.999350805334009662e+00 nan 1.302526020992791078e-01 nan 2.700243567714085913e+00 nan -7.714190309023258481e-03 nan -3.119110281153825506e-03 nan
4.132012400115334572e+02 9.032418280852752557e-02 nan 1.999364938890010546e+00 nan 1.805910042412617877e-01 nan 2.751652896031998807e+00 nan -7.664583287741041050e-03 nan -3.541607460768017926e-03 nan
4.862601580065353346e+02 1.271066497002785456e-01 nan 1.999360141142833669e+00 nan 2.541319690849416224e-01 nan 2.792538815789065154e+00 nan -7.730004697754348612e-03 nan -3.210511307540788936e-03 nan
5.722367659350214808e+02 1.825805786662709485e-01 nan 1.999307312563535222e+00 nan 3.650346860595573006e-01 nan 2.824941405897423152e+00 nan -7.613216629303515455e-03 nan -4.010137307965377582e-03 nan
6.734150657750820983e+02 2.690584224421138648e-01 nan 1.999329729471115646e+00 nan 5.379365029531166797e-01 nan 2.848026646636533599e+00 nan -7.626488394318190790e-03 nan -3.697146032008219972e-03 nan
7.924828983539169940e+02 4.121427557015529541e-01 nan 1.999256578137915019e+00 nan 8.239791154682174490e-01 nan 2.858187992946678690e+00 nan -7.677025317327133835e-03 nan -2.961169889123437676e-03 nan
9.326033468832199560e+02 6.739580612078587274e-01 nan 1.999341400828744897e+00 nan 1.347472254195145158e+00 nan 2.849094429709374765e+00 nan -7.755206039708107194e-03 nan -3.673779938287624960e-03 nan
1.097498765493055544e+03 1.251039737492286585e+00 nan 1.999325369085432014e+00 nan 2.501235484902307959e+00 nan 2.795251894182879226e+00 nan -7.687955713389673512e-03 nan -3.160339134033888445e-03 nan
1.291549665014884113e+03 1.623046994163543699e+00 nan 1.999069293533482394e+00 nan 3.244583407994157565e+00 nan 2.563847277500862276e+00 nan -7.590561950256623398e-03 nan -1.593007417935723147e-01 nan
1.519911082952933157e+03 1.641354988885372901e+00 nan 1.998698205027271690e+00 nan 3.280573270097752125e+00 nan 1.683095763357549401e+00 nan -7.691270185741632195e-03 nan -3.630519783892572350e-01 nan
1.788649529057435075e+03 1.627161143341937510e+00 nan 1.998859271694847006e+00 nan 3.252466137910619892e+00 nan 9.659793167784371803e-01 nan -7.564304760168440341e-03 nan -4.341478311462319550e-01 nan
2.104904144512019684e+03 1.581832821399341338e+00 nan 1.999771619358144514e+00 nan 3.163304382803623582e+00 nan 8.565016748589471263e-02 nan -7.721034207928642069e-03 nan -9.387903873018878286e-04 nan
2.477076355991709079e+03 1.450172258120860036e+00 nan 1.999914249788033560e+00 nan 2.900220163663198569e+00 nan 4.492658635194146655e-02 nan -7.569721142453892174e-03 nan -1.370404221579697279e-03 nan
2.915053062825175857e+03 1.288503248703212423e+00 nan 2.000350783080429462e+00 nan 2.577458482545148311e+00 nan 2.616233799729883458e-02 nan -7.611146304463806654e-03 nan -2.162817582984798929e-03 nan
3.430469286314915735e+03 1.179546841116041023e+00 nan 2.000853935389986127e+00 nan 2.360100939023857425e+00 nan 1.623645459185851792e-02 nan -7.813147945954628318e-03 nan -1.445051689788381510e-03 nan
4.037017258596553802e+03 1.111415191815596115e+00 nan 2.001180585659051214e+00 nan 2.224142504467901293e+00 nan 1.061984455018105677e-02 nan -7.759438195101450199e-03 nan -1.626290031811797408e-03 nan
4.750810162102793583e+03 1.066565502035793811e+00 nan 2.001866122749567989e+00 nan 2.135121346218840976e+00 nan 7.324928644475647843e-03 nan -7.931151070248460694e-03 nan -1.571911004900530340e-03 nan
5.590810182512223037e+03 1.035955589494573337e+00 nan 2.002533553040900305e+00 nan 2.074535827423148238e+00 nan 5.356897026569384934e-03 nan -7.792204671919911695e-03 nan -1.049483689999526192e-03 nan
6.579332246575675526e+03 1.014391526840594526e+00 nan 2.003358493281488961e+00 nan 2.032189880808882521e+00 nan 4.349286110407746264e-03 nan -7.790828325176003821e-03 nan -2.612364502294414336e-04 nan
7.742636826811270112e+03 9.987272492907319776e-01 nan 2.004174917460462613e+00 nan 2.001624102412767670e+00 nan 4.113390109480974388e-03 nan -7.648729914389524112e-03 nan 4.685692959768442763e-04 nan
9.111627561154886280e+03 9.863607951645247951e-01 nan 2.005019639546397503e+00 nan 1.977672765983473635e+00 nan 4.475702107704648824e-03 nan -7.758000761254945504e-03 nan 2.142912918836327625e-03 nan
1.072267222010323167e+04 9.747029522398515944e-01 nan 2.005916939362493601e+00 nan 1.955173162744549886e+00 nan 5.244228590544963708e-03 nan -7.718419585426551655e-03 nan 3.301407486764924935e-03 nan
1.261856883066020964e+04 9.542473670082430859e-01 nan 2.006676920977711553e+00 nan 1.914866168279189429e+00 nan 1.126299250696760623e-02 nan -7.677969648967522716e-03 nan 1.129592166920154184e-02 nan
1.484968262254463480e+04 9.225815164242173738e-01 nan 2.007559021121022802e+00 nan 1.852136846016950722e+00 nan 3.168143756244745646e-02 nan -7.877978898386206463e-03 nan 2.934922706309213425e-02 nan
1.747528400007683013e+04 8.926013095367585359e-01 nan 2.008161699597925232e+00 nan 1.792487762822670749e+00 nan 6.405018346980995148e-02 nan -7.660445103097594799e-03 nan 4.185031610167250921e-02 nan
2.056512308348651641e+04 8.736625812488514331e-01 nan 2.008941002249087671e+00 nan 1.755136581601592694e+00 nan 9.886452820291680155e-02 nan -7.669993192587955082e-03 nan 5.374790508346379697e-02 nan
2.420128264794383358e+04 8.697971748163453309e-01 nan 2.009775488892315831e+00 nan 1.748097042253675459e+00 nan 1.249789078608536386e-01 nan -7.894818719072285718e-03 nan 7.557947798770973946e-02 nan
2.848035868435799057e+04 8.860260796588631527e-01 nan 2.010597134600550451e+00 nan 1.781441496943469316e+00 nan 1.343464642336691384e-01 nan -7.656415970830585810e-03 nan 1.654755801773000190e-01 nan
3.351602650938840816e+04 9.084947401487030172e-01 nan 2.011776017470288114e+00 nan 1.827687930229062063e+00 nan 1.332577060664661417e-01 nan -7.528704009279178766e-03 nan 4.051906095179900746e-01 nan
3.944206059437656222e+04 9.259056473360391948e-01 nan 2.012924108099251708e+00 nan 1.863777799347956954e+00 nan 1.306990200423285842e-01 nan -7.580387163876588577e-03 nan 8.573931982338532931e-01 nan
4.641588833612772578e+04 8.594044017736399699e-01 nan 2.014147136057600207e+00 nan 1.730966914547672042e+00 nan 1.254310213971194798e-01 nan -7.566811949881235844e-03 nan 1.317428505149423001e+00 nan
5.462277217684336938e+04 7.529267357876563427e-01 nan 2.015880827006936382e+00 nan 1.517810570815253834e+00 nan 1.154619536302128324e-01 nan -7.583846924416172072e-03 nan 1.632031826572301725e+00 nan
6.428073117284318869e+04 6.642974943650091779e-01 nan 2.017719305062086299e+00 nan 1.340365878684651513e+00 nan 1.045516278578446645e-01 nan -7.889042397899205528e-03 nan 1.830560506286334377e+00 nan
7.564633275546290679e+04 6.036293421240197521e-01 nan 2.019626596815196073e+00 nan 1.219105873971729759e+00 nan 9.328649089176721532e-02 nan -7.521618048839100179e-03 nan 1.949054284823569461e+00 nan
8.902150854450374027e+04 5.246770008437477983e-01 nan 2.021613681580789912e+00 nan 1.060694203316496109e+00 nan 8.330335102482067100e-02 nan -7.738074008806366394e-03 nan 2.087076886060296399e+00 nan
1.047615752789664111e+05 5.214351294862944464e-01 nan 2.022966533515351273e+00 nan 1.054845816350017396e+00 nan 7.243164207670815813e-02 nan -7.484163826677310213e-03 nan 2.093101108507381625e+00 nan
1.232846739442065882e+05 5.178660523989893072e-01 nan 2.023982377462230531e+00 nan 1.048151763941486347e+00 nan 6.245657039483631934e-02 nan -7.486462068546107310e-03 nan 2.099357456295306790e+00 nan
1.450828778495940205e+05 5.129971994915791811e-01 nan 2.024043556574985470e+00 nan 1.038328676171943243e+00 nan 5.378477894857880415e-02 nan -7.507228986646201710e-03 nan 2.107977458286350636e+00 nan
1.707352647470688680e+05 5.059019427811914937e-01 nan 2.022990254948584532e+00 nan 1.023434700205906767e+00 nan 4.561350163771393795e-02 nan -7.629846729703586641e-03 nan 2.119940463284453624e+00 nan
2.009233002565045899e+05 4.948932812495044353e-01 nan 2.021417833856551383e+00 nan 1.000386104573534274e+00 nan 3.852705094498887206e-02 nan -7.861038330611299502e-03 nan 2.138272088709526564e+00 nan
2.364489412645407137e+05 2.943663129003770695e-01 nan 2.018320741716531863e+00 nan 5.941256349894497024e-01 nan 2.518410765681622365e-02 nan -7.733641697502505706e-03 nan 2.428964821766141036e+00 nan
2.782559402207125677e+05 9.850433031340082302e-01 nan 2.014094961046981158e+00 nan 1.983970753255279940e+00 nan 2.768280751137908169e-02 nan -7.401956064641480870e-03 nan -9.043483040524209482e-01 nan
3.274549162877724739e+05 1.288127569444053044e-01 nan 2.009873159064867298e+00 nan 2.588973027277068351e-01 nan 2.486975956175285773e-02 nan -7.381589321251384034e-03 nan 2.635252630984318500e+00 nan
3.853528593710527639e+05 8.390732625663311905e-01 nan 2.005064297081998070e+00 nan 1.682395841407859693e+00 nan 2.015228392696499782e-02 nan -7.177159242412244587e-03 nan -1.452681590977042303e+00 nan
4.534878508128582034e+05 9.174779623119438954e-01 nan 1.997622477427985377e+00 nan 1.832774600059165149e+00 nan 1.672141437482466131e-02 nan -8.414044059365645076e-03 nan 1.252809885957865799e+00 nan
5.336699231206302065e+05 4.353597352569362755e-01 nan 1.991464927124156237e+00 nan 8.670036434462465857e-01 nan 6.044948796947835490e-03 nan -7.646840498344345191e-03 nan 2.238749507747060274e+00 nan
6.280291441834246507e+05 9.449810647757032212e-10 nan 1.993017288753422545e+00 nan 1.883363599642594601e-09 nan -1.622809824917716526e+00 nan -7.786176855409930077e-03 nan 2.775555628266658026e+00 nan
7.390722033525775187e+05 7.586157657384524294e-10 nan 1.988672770589290595e+00 nan 1.508638516663804501e-09 nan 1.531391105784507545e+00 nan -7.678823095209851707e-03 nan 2.775555628294784860e+00 nan
8.697490026177833788e+05 4.569594827333784243e-10 nan 1.984913688483787464e+00 nan 9.070251323599537719e-10 nan 1.532219679605471896e+00 nan -8.079792864046827713e-03 nan 2.775555628284127163e+00 nan
1.023531021899024723e+06 3.369849458748303136e-10 nan 1.980024888291592733e+00 nan 6.672385798117592791e-10 nan 1.511926044098540700e+00 nan -7.412345084667803889e-03 nan 2.775555628283699505e+00 nan
1.204503540258781053e+06 7.071642774138087573e-10 nan 1.974911754615509718e+00 nan 1.396587043908714061e-09 nan -1.616830737316423239e+00 nan -6.712994393924796334e-03 nan 2.775555628271032305e+00 nan
1.417474162926804740e+06 2.167689658107058506e-09 nan 1.968323646553293615e+00 nan 4.266714812441147471e-09 nan 1.515905722988936333e+00 nan -7.612059945573758195e-03 nan 2.775555628111305406e+00 nan
1.668100537200059043e+06 1.298162171547769016e-09 nan 1.959326380635232789e+00 nan 2.543523389056264600e-09 nan 1.537425931204094098e+00 nan -6.862630506719966106e-03 nan 2.775555628323307378e+00 nan
1.963040650040268432e+06 1.434285367555152586e-09 nan 1.946934635994795215e+00 nan 2.792459859993652101e-09 nan 1.582760300588907931e+00 nan -7.601817982781840580e-03 nan 2.775555628313598699e+00 nan
2.310129700083157979e+06 1.623383406937366769e-01 nan 1.923946246838492247e+00 nan 3.123302412957031371e-01 nan 3.822657930154349515e-03 nan -7.445782203541214013e-03 nan -2.603899810567456008e+00 nan
2.718588242732940242e+06 1.457746616466901457e-01 nan 1.905987996680457375e+00 nan 2.778447553187464725e-01 nan 5.004212621805947947e-03 nan -7.409498555431477326e-03 nan -2.623998288188670092e+00 nan
3.199267137797384523e+06 3.159417832877700616e-02 nan 1.868483285207713562e+00 nan 5.903319411719161469e-02 nan -1.644954543572829664e-02 nan -6.079132329797299825e-03 nan 2.745129424254868056e+00 nan
3.764935806792463642e+06 2.691254604358524205e-02 nan 1.815652279995553231e+00 nan 4.886382558452084801e-02 nan -3.621627931960524904e-02 nan -7.861132971764803884e-03 nan 2.750417653527503781e+00 nan
4.430621457583877258e+06 9.892688559569672302e-01 nan 1.721682032533200069e+00 nan 1.703206414645784816e+00 nan -1.298139253028196549e-02 nan -5.434792822488159099e-03 nan -3.308636393862209868e-01 nan
5.214008287999684922e+06 8.092367716133085087e-02 nan 1.694685995277009916e+00 nan 1.371402223716254032e-01 nan -3.221369243476956967e-02 nan -6.239544283461161307e-03 nan 2.702055877092570668e+00 nan
6.135907273413163610e+06 3.575256108146884215e-01 nan 1.661655661158207398e+00 nan 5.940844552192729999e-01 nan 1.272907777650011951e-02 nan -6.848778655226524757e-03 nan -2.419747501771029263e+00 nan
7.220809018385455944e+06 6.224601277751855566e-01 nan 1.573635483763945464e+00 nan 9.795253442952714940e-01 nan 8.615144829981602470e-03 nan -8.023102899674013078e-03 nan -2.113931204753866311e+00 nan
8.497534359086439013e+06 3.719906316841330440e-01 nan 1.473212356061632367e+00 nan 5.480211949362365775e-01 nan -1.834671007687838085e-02 nan -7.984898570208351712e-03 nan 2.445139184063873650e+00 nan
1.000000000000000000e+07 5.907582771149064854e-02 nan 1.373560919346362041e+00 nan 8.114424822254238945e-02 nan -3.916731901951742145e-04 nan -7.057709916075376698e-03 nan 2.732900730127077349e+00 nan
