1.000000000000000000e+00 2.309802847807218562e-01 nan 1.999189592692824258e+00 nan 4.617733814508439005e-01 nan 4.932830158363543660e-03 nan -6.810167688201300418e-03 nan 4.584495371508694184e-02 nan
1.176811952434998476e+00 2.311624280117131058e-01 nan 1.999984548813558805e+00 nan 4.623212842896528008e-01 nan 5.931521212662715925e-03 nan -7.116824274618715682e-03 nan 4.551286253317565755e-02 nan
1.384886371393873050e+00 2.314632196663557739e-01 nan 2.000251761105039883e+00 nan 4.629847127686708141e-01 nan 6.706759637861381407e-03 nan -7.595800940981192913e-03 nan 4.482486576895959585e-02 nan
1.629750834620644184e+00 2.311390877746186401e-01 nan 1.999337083758676137e+00 nan 4.621249496939466850e-01 nan 8.049627871969278203e-03 nan -6.595705283591302669e-03 nan 4.559402354622187070e-02 nan
1.917910261672488570e+00 2.313805858461679965e-01 nan 2.000106681556177879e+00 nan 4.627858557333033862e-01 nan 9.153944707819050564e-03 nan -7.217361731567015562e-03 nan 4.536784856796659271e-02 nan
2.257019719633920118e+00 2.315736012010498335e-01 nan 2.000938764841520889e+00 nan 4.633645955571316088e-01 nan 1.080443192869395830e-02 nan -7.809903355180034673e-03 nan 4.492425831968168554e-02 nan
2.656087782946686016e+00 2.315040887791144364e-01 nan 2.000177648673244768e+00 nan 4.630493039524511967e-01 nan 1.307064573419580711e-02 nan -7.257204367036266569e-03 nan 4.507716421579301830e-02 nan
3.125715849688236236e+00 2.311756438094604571e-01 nan 2.000050361438639790e+00 nan 4.623629299569216311e-01 nan 1.478870233414752988e-02 nan -7.320891348544983183e-03 nan 4.548376664401242164e-02 nan
3.678379771828633515e+00 2.316469860683064430e-01 nan 1.999857017733646325e+00 nan 4.632608507255508434e-01 nan 1.861647666757093589e-02 nan -7.166838735520655694e-03 nan 4.498002210342032930e-02 nan
4.328761281083058243e+00 2.312454095292480749e-01 nan 1.999140133108473716e+00 nan 4.622919787870244934e-01 nan 2.170498085076744132e-02 nan -6.694294320063547653e-03 nan 4.547100583784421945e-02 nan
5.094138014816379290e+00 2.314021557099365800e-01 nan 2.000059890499174653e+00 nan 4.628181702104887107e-01 nan 2.614402183162312099e-02 nan -7.226949841606476223e-03 nan 4.538185049315879988e-02 nan
5.994842503189410365e+00 2.317078618990077443e-01 nan 2.000064102612728156e+00 nan 4.634305768773528955e-01 nan 2.962364986801446776e-02 nan -7.063548259908941813e-03 nan 4.516479414585995722e-02 nan
7.054802310718641500e+00 2.315911989347430588e-01 nan 1.999238309830252636e+00 nan 4.630059971298575161e-01 nan 3.554667138671518956e-02 nan -6.758449085641394724e-03 nan 4.544448323606391227e-02 nan
8.302175681319743816e+00 2.315416585316350806e-01 nan 2.000388054597204146e+00 nan 4.631731678683076447e-01 nan 4.167801232995671512e-02 nan -7.574898125407895054e-03 nan 4.541837811828273314e-02 nan
9.770099572992251069e+00 2.316011458470401130e-01 nan 1.999698180134336090e+00 nan 4.631323898673530559e-01 nan 4.928953776130029496e-02 nan -6.883179454400636596e-03 nan 4.552296275672654963e-02 nan
1.149756995397735615e+01 2.317338593226906107e-01 nan 1.999656945214059789e+00 nan 4.633882212358761965e-01 nan 5.884592777496777671e-02 nan -6.745474556695689114e-03 nan 4.578034260676056011e-02 nan
1.353047774579806806e+01 2.323153419281576426e-01 nan 1.999974297448381400e+00 nan 4.646247127592476045e-01 nan 6.643716979719371807e-02 nan -7.287809474553283949e-03 nan 4.490892997776591011e-02 nan
1.592282793341092173e+01 2.325707060732154774e-01 nan 1.999501638297068062e+00 nan 4.650255078133002096e-01 nan 7.818731714693072377e-02 nan -6.583741047459757204e-03 nan 4.533463243854430474e-02 nan
1.873817422860383886e+01 2.331136442993992919e-01 nan 2.000154282028816066e+00 nan 4.662632538447857855e-01 nan 9.289479437098080439e-02 nan -7.092453527659639372e-03 nan 4.515286295620888485e-02 nan
2.205130739903045622e+01 2.336362420133600570e-01 nan 2.000363258565843072e+00 nan 4.673573543929228635e-01 nan 1.092832111766561809e-01 nan -7.304264363310904347e-03 nan 4.510837971036566613e-02 nan
2.595024211399735847e+01 2.347527004334733214e-01 nan 1.999947716295806366e+00 nan 4.694931271261985062e-01 nan 1.285231201273759893e-01 nan -7.200609868138371263e-03 nan 4.493079473779438421e-02 nan
3.053855508833415655e+01 2.354192307230064951e-01 nan 2.000079904088490235e+00 nan 4.708572724050569813e-01 nan 1.499105108223446337e-01 nan -7.285216388651767627e-03 nan 4.562822133006016329e-02 nan
3.593813663804627367e+01 2.374785743326196519e-01 nan 1.999849532067393243e+00 nan 4.749214157551210902e-01 nan 1.747635435804539839e-01 nan -6.898458394393490629e-03 nan 4.519931185084803682e-02 nan
4.229242874389498752e+01 2.395418134923861797e-01 nan 1.999829679054508702e+00 nan 4.790428279966136293e-01 nan 2.046145023729195600e-01 nan -7.025017875097345869e-03 nan 4.532988146555451403e-02 nan
4.977023564332108663e+01 2.424352160434065651e-01 nan 2.000220941408744402e+00 nan 4.849239960649749936e-01 nan 2.365817101535760969e-01 nan -7.201758412619450704e-03 nan 4.481147923864670785e-02 nan
5.857020818056664524e+01 2.466580743317168534e-01 nan 2.000148059907457476e+00 nan 4.933526688350928779e-01 nan 2.752994257833201175e-01 nan -7.277422028250663498e-03 nan 4.530721807248438288e-02 nan
6.892612104349694846e+01 2.524962592800650829e-01 nan 2.000371464178652747e+00 nan 5.050863118756965253e-01 nan 3.181437744999158213e-01 nan -7.393741570246836411e-03 nan 4.506105033710763180e-02 nan
8.111308307896868541e+01 2.600781276235035744e-01 nan 1.999661999132901657e+00 nan 5.200683486143571344e-01 nan 3.628763726922770161e-01 nan -6.874200284219348159e-03 nan 4.500803901660083844e-02 nan
9.545484566618337396e+01 2.696902255759139888e-01 nan 1.999737744111756976e+00 nan 5.393097233021690862e-01 nan 4.128386463537978557e-01 nan -6.967735998529390323e-03 nan 4.548535219988242284e-02 nan
1.123324032978027702e+02 2.825041360874146479e-01 nan 2.000168269793409781e+00 nan 5.650558090874461259e-01 nan 4.639093360960515611e-01 nan -7.198087998688015680e-03 nan 4.555309000178606876e-02 nan
1.321941148466028721e+02 2.994781011287989680e-01 nan 2.000244441708419529e+00 nan 5.990294071962720679e-01 nan 5.128739666471346936e-01 nan -7.082538165792569979e-03 nan 4.546261120634199210e-02 nan
1.555676143930472222e+02 3.208234047393518917e-01 nan 2.000369202873867547e+00 nan 6.417652584017374817e-01 nan 5.601891371464979841e-01 nan -7.351707169288057390e-03 nan 4.483169242433372031e-02 nan
1.830738280295367701e+02 3.467781968606912790e-01 nan 1.999964636439874210e+00 nan 6.935441304097675896e-01 nan 6.019478979947052721e-01 nan -7.222722864009814212e-03 nan 4.525475297493800064e-02 nan
2.154434690031882269e+02 3.787661860062069841e-01 nan 2.000002694582568186e+00 nan 7.575333926291761832e-01 nan 6.357126774303516470e-01 nan -7.092602710234647938e-03 nan 4.529897734166914852e-02 nan
2.535364493970111539e+02 4.164884932861958600e-01 nan 2.000258250958727224e+00 nan 8.330845451250817879e-01 nan 6.592714827903947139e-01 nan -7.299773477194165978e-03 nan 4.557414416194634221e-02 nan
2.983647240283337396e+02 4.597094833774642564e-01 nan 1.999283989776518666e+00 nan 9.190898100649989022e-01 nan 6.715730504029835402e-01 nan -6.805722303120439499e-03 nan 4.564875677945356980e-02 nan
3.511191734215130964e+02 5.087525827826085978e-01 nan 2.000597047538257289e+00 nan 1.017808915042349494e+00 nan 6.697606992096076794e-01 nan -7.507437501671626601e-03 nan 4.491815716462991409e-02 nan
4.132012400115334572e+02 5.609897617045838114e-01 nan 2.000188598862800315e+00 nan 1.122085325440267622e+00 nan 6.565861678949573843e-01 nan -7.149535533834541941e-03 nan 4.509629668320923324e-02 nan
4.862601580065353346e+02 6.159532359706091365e-01 nan 1.999821055177000595e+00 nan 1.231796250298431650e+00 nan 6.318303097038828753e-01 nan -7.021273558646418805e-03 nan 4.512735261318304159e-02 nan
5.722367659350214808e+02 6.710795255198029885e-01 nan 1.999735038657096453e+00 nan 1.341981240907329065e+00 nan 5.977156516124821906e-01 nan -6.649147443540932498e-03 nan 4.652974985121264423e-02 nan
6.734150657750820983e+02 7.240899025186244842e-01 nan 2.000125004456264399e+00 nan 1.448270319501799852e+00 nan 5.562626021842724811e-01 nan -7.142275649870921846e-03 nan 4.681750979930186796e-02 nan
7.924828983539169940e+02 7.730677901606628488e-01 nan 2.000181757001590732e+00 nan 1.546276090804891590e+00 nan 5.105256242073501483e-01 nan -7.070883588959040421e-03 nan 4.752342024741215004e-02 nan
9.326033468832199560e+02 8.165041430814901080e-01 nan 2.000479963827139773e+00 nan 1.633400178616368992e+00 nan 4.617514461174181406e-01 nan -7.275261867603653732e-03 nan 4.651836439995060690e-02 nan
1.097498765493055544e+03 8.541168404093179012e-01 nan 2.000627136238659176e+00 nan 1.708769328441305468e+00 nan 4.132029570151338760e-01 nan -6.976603398925637807e-03 nan 4.639241789461875237e-02 nan
1.291549665014884113e+03 8.852745294352204475e-01 nan 2.000422987307745259e+00 nan 1.770923518760262105e+00 nan 3.667794500583312356e-01 nan -7.032425766583191157e-03 nan 4.774836041836458267e-02 nan
1.519911082952933157e+03 9.103805222884018278e-01 nan 2.000740567282197180e+00 nan 1.821435242605960125e+00 nan 3.238074133750217243e-01 nan -6.988790330129700419e-03 nan 4.856038484029919639e-02 nan
1.788649529057435075e+03 9.302144353440257030e-01 nan 2.000913770085938292e+00 nan 1.861278872812576646e+00 nan 2.844917971570986026e-01 nan -7.141275221175678346e-03 nan 4.903251485223502487e-02 nan
2.104904144512019684e+03 9.455971323080323288e-01 nan 2.000910681558550230e+00 nan 1.892055402486275462e+00 nan 2.490375223738503507e-01 nan -7.067171329695715737e-03 nan 4.894473832544932179e-02 nan
2.477076355991709079e+03 9.571803140709970181e-01 nan 2.001400707397793077e+00 nan 1.915701357688935236e+00 nan 2.164849649621132244e-01 nan -7.257258656887985784e-03 nan 4.881455603077360789e-02 nan
2.915053062825175857e+03 9.663302563497901954e-01 nan 2.001458714304365838e+00 nan 1.934070112467259239e+00 nan 1.885278841789421733e-01 nan -7.232277131616381485e-03 nan 4.878779711399127555e-02 nan
3.430469286314915735e+03 9.743112107926078513e-01 nan 2.002067771414892228e+00 nan 1.950637074456101683e+00 nan 1.623842584160506419e-01 nan -7.109096704808193223e-03 nan 4.803724550142483840e-02 nan
4.037017258596553802e+03 9.795857122478139889e-01 nan 2.002203569865682820e+00 nan 1.961330010051990813e+00 nan 1.390166139016599800e-01 nan -7.018933104783628592e-03 nan 4.684677176850798874e-02 nan
4.750810162102793583e+03 9.839260266522262821e-01 nan 2.002828999499138174e+00 nan 1.970635579541040627e+00 nan 1.173419794909946745e-01 nan -7.167872643063027786e-03 nan 4.594101717218167236e-02 nan
5.590810182512223037e+03 9.870617967367392165e-01 nan 2.003350241028436063e+00 nan 1.977430488402507569e+00 nan 9.852298719440355512e-02 nan -6.983832765521539969e-03 nan 4.463694343890094174e-02 nan
6.579332246575675526e+03 9.892278171581337931e-01 nan 2.004132001273649433e+00 nan 1.982543124916694488e+00 nan 8.187209645364035282e-02 nan -7.154842771794881276e-03 nan 4.343474011399705431e-02 nan
7.742636826811270112e+03 9.909740865397028697e-01 nan 2.004825814703507181e+00 nan 1.986730430397023683e+00 nan 6.708608454270859056e-02 nan -7.065808785278628393e-03 nan 4.244426614577119505e-02 nan
9.111627561154886280e+03 9.920997910209221615e-01 nan 2.005522336517589821e+00 nan 1.989678290946892414e+00 nan 5.535334969110294878e-02 nan -7.099896906636743617e-03 nan 4.264780997484135527e-02 nan
1.072267222010323167e+04 9.927737843461430511e-01 nan 2.006487676104403484e+00 nan 1.991988363450066801e+00 nan 4.525099766009077484e-02 nan -7.085629124568757625e-03 nan 4.178204407739381787e-02 nan
1.261856883066020964e+04 9.931596781291004428e-01 nan 2.007229941986838018e+00 nan 1.993499843114741044e+00 nan 3.729692604056111804e-02 nan -7.106492110136031215e-03 nan 4.147565798266380360e-02 nan
1.484968262254463480e+04 9.935620631876040942e-01 nan 2.008007981290525379e+00 nan 1.995080552788190298e+00 nan 3.103617931125057794e-02 nan -7.055925750299846776e-03 nan 4.110085628945069069e-02 nan
1.747528400007683013e+04 9.937233128965419215e-01 nan 2.008857945107451304e+00 nan 1.996248972350715967e+00 nan 2.568454592372759748e-02 nan -7.056535668584090065e-03 nan 4.141677611457492830e-02 nan
2.056512308348651641e+04 9.939001878114374078e-01 nan 2.009530067355298488e+00 nan 1.997272311357161545e+00 nan 2.091490331693179883e-02 nan -7.091118451802432693e-03 nan 4.256116487526988290e-02 nan
2.420128264794383358e+04 9.940385592716082241e-01 nan 2.010520600164309002e+00 nan 1.998535000773218773e+00 nan 1.676380342284033986e-02 nan -7.235379841906632199e-03 nan 4.243551775797123338e-02 nan
2.848035868435799057e+04 9.941240572435643408e-01 nan 2.011236203580316850e+00 nan 1.999418294778407823e+00 nan 1.304084583107112394e-02 nan -7.077092711480374720e-03 nan 4.171752417921926331e-02 nan
3.351602650938840816e+04 9.942790332210629245e-01 nan 2.012478498539800764e+00 nan 2.000965175906329385e+00 nan 9.649279564627022410e-03 nan -7.180959007465668488e-03 nan 4.162516061408364637e-02 nan
3.944206059437656222e+04 9.943954978734897976e-01 nan 2.013673020059690177e+00 nan 2.002387385336669379e+00 nan 6.602066382228599650e-03 nan -7.066268576330803075e-03 nan 4.201933829817756927e-02 nan
4.641588833612772578e+04 9.942491998427263056e-01 nan 2.015393915675022907e+00 nan 2.003803788027790578e+00 nan 3.606695629191136732e-03 nan -7.134038272600025550e-03 nan 4.170621625111247538e-02 nan
5.462277217684336938e+04 9.944360634311384395e-01 nan 2.016796626331850639e+00 nan 2.005575297830646253e+00 nan 6.932661313641119705e-04 nan -6.869129162283369762e-03 nan 4.134997100766875378e-02 nan
6.428073117284318869e+04 9.944496785848093712e-01 nan 2.018850035603128923e+00 nan 2.007644769016462494e+00 nan -2.342965747448744196e-03 nan -6.884728763445237265e-03 nan 4.149962033198052735e-02 nan
7.564633275546290679e+04 9.943669910163868142e-01 nan 2.020911304235396333e+00 nan 2.009527492703552909e+00 nan -5.157035958347933047e-03 nan -6.880051850171332514e-03 nan 4.157244486514984766e-02 nan
8.902150854450374027e+04 9.943586291807221533e-01 nan 2.022661726868578480e+00 nan 2.011251142025352046e+00 nan -8.226713369474225601e-03 nan -6.986283865014653038e-03 nan 4.085999420019860440e-02 nan
1.047615752789664111e+05 9.943634941920123094e-01 nan 2.024422303477730001e+00 nan 2.013011635406357858e+00 nan -1.146574695816582334e-02 nan -6.835781056151379528e-03 nan 4.165787072093230653e-02 nan
1.232846739442065882e+05 9.942479026437770484e-01 nan 2.025259883643105940e+00 nan 2.013610391620737960e+00 nan -1.520903285754471312e-02 nan -6.957541432160500340e-03 nan 4.193065836573374450e-02 nan
1.450828778495940205e+05 9.941475763699257895e-01 nan 2.025513924972580870e+00 nan 2.013659759415026951e+00 nan -1.938598155933490830e-02 nan -6.900783331232725019e-03 nan 4.142272321565131088e-02 nan
1.707352647470688680e+05 9.938115323555707370e-01 nan 2.024960692281494001e+00 nan 2.012429288556068840e+00 nan -2.392266268561371589e-02 nan -7.102585610668023762e-03 nan 4.169240562419603002e-02 nan
2.009233002565045899e+05 9.933099824616965501e-01 nan 2.023261985694912557e+00 nan 2.009726327526030865e+00 nan -2.913610521549259147e-02 nan -6.948509557415948751e-03 nan 4.165204202476872897e-02 nan
2.364489412645407137e+05 9.926893974840589330e-01 nan 2.020652385853694444e+00 nan 2.005880199437830136e+00 nan -3.463423509768759345e-02 nan -6.758037582668865138e-03 nan 4.183867950410300601e-02 nan
2.782559402207125677e+05 9.922740807778971384e-01 nan 2.017368902218619198e+00 nan 2.001782873038895794e+00 nan -4.096739333642318570e-02 nan -6.799012437994421225e-03 nan 4.125272829560782534e-02 nan
3.274549162877724739e+05 9.920565352312914476e-01 nan 2.012959393185304702e+00 nan 1.996969521164696282e+00 nan -4.807181588516229453e-02 nan -6.908241717435577821e-03 nan 4.137149708872561726e-02 nan
3.853528593710527639e+05 9.917570960373033317e-01 nan 2.008566500382849007e+00 nan 1.992010079617503537e+00 nan -5.713962742709099984e-02 nan -6.889403907232602084e-03 nan 4.291828494042075615e-02 nan
4.534878508128582034e+05 9.913769217295668179e-01 nan 2.003903494444549516e+00 nan 1.986623677765559703e+00 nan -6.740909615454171444e-02 nan -7.327907133641249800e-03 nan 4.172891282298295257e-02 nan
5.336699231206302065e+05 9.905151132054363927e-01 nan 1.999228492886753417e+00 nan 1.980266036955256492e+00 nan -7.989338497944586948e-02 nan -7.209424234643709711e-03 nan 4.119195226472806975e-02 nan
6.280291441834246507e+05 9.891145072950748851e-01 nan 1.995119211409060789e+00 nan 1.973401355787811617e+00 nan -9.458229017250729953e-02 nan -6.902393569854424656e-03 nan 4.232751074916155098e-02 nan
7.390722033525775187e+05 9.871611630879030264e-01 nan 1.991309579727749579e+00 nan 1.965743480792128572e+00 nan -1.114467648002559486e-01 nan -6.724288235516689624e-03 nan 4.098744971015048921e-02 nan
8.697490026177833788e+05 9.840434263758645050e-01 nan 1.987677909427468137e+00 nan 1.955961380524620985e+00 nan -1.328101843363391765e-01 nan -7.424989656695684705e-03 nan 4.195271863407845636e-02 nan
1.023531021899024723e+06 9.805841163194427557e-01 nan 1.983542810894618924e+00 nan 1.945030574402883516e+00 nan -1.548995359283509288e-01 nan -7.418461524861187824e-03 nan 4.147458539447478054e-02 nan
1.204503540258781053e+06 9.733912742569997834e-01 nan 1.979159267658269883e+00 nan 1.926496361503433841e+00 nan -1.837568324305891565e-01 nan -6.702201020667655600e-03 nan 4.408444414104920051e-02 nan
1.417474162926804740e+06 9.634868052147326223e-01 nan 1.973626372660349348e+00 nan 1.901562968482061411e+00 nan -2.203565809010896714e-01 nan -6.726401181502768452e-03 nan 4.818012047129465597e-02 nan
1.668100537200059043e+06 9.547285229059003786e-01 nan 1.966237218963297284e+00 nan 1.877222755743434224e+00 nan -2.551011843679837909e-01 nan -6.834161365084894663e-03 nan 4.370892178932727495e-02 nan
1.963040650040268432e+06 9.353603110763349937e-01 nan 1.956432427453426603e+00 nan 1.829969243942666246e+00 nan -3.036050593744263892e-01 nan -6.669138218511364187e-03 nan 5.349462855778980980e-02 nan
2.310129700083157979e+06 9.196415672863067492e-01 nan 1.942726232408706011e+00 nan 1.786611797180564176e+00 nan -3.490171070603942383e-01 nan -6.489824586583551637e-03 nan 4.305131494862972363e-02 nan
2.718588242732940242e+06 8.941630424949807976e-01 nan 1.923896969709938620e+00 nan 1.720277567882712688e+00 nan -4.098896700663878789e-01 nan -6.034517231723485545e-03 nan 3.453044545241954616e-02 nan
3.199267137797384523e+06 8.518859318078968457e-01 nan 1.897013782545849514e+00 nan 1.616039353796494105e+00 nan -4.777470883084262709e-01 nan -6.381710099499732745e-03 nan 3.832105691896004612e-02 nan
3.764935806792463642e+06 7.901408129545547387e-01 nan 1.859292279987832863e+00 nan 1.469102713629713897e+00 nan -5.614741610516311709e-01 nan -6.121778019194175358e-03 nan 3.649691499478242146e-02 nan
4.430621457583877258e+06 7.296770847304131502e-01 nan 1.808705325416811949e+00 nan 1.319770828986512656e+00 nan -6.380989266902101775e-01 nan -6.525478721816886131e-03 nan 3.261210310889535446e-02 nan
5.214008287999684922e+06 6.501262328036684357e-01 nan 1.740078188970868300e+00 nan 1.131270477779460437e+00 nan -7.192343741763167486e-01 nan -7.565851114849629112e-03 nan 3.032731596396121346e-02 nan
6.135907273413163610e+06 5.867766018152184015e-01 nan 1.656094953621914723e+00 nan 9.717577691695988840e-01 nan -7.833844768507933765e-01 nan -7.442813894621111946e-03 nan 3.878781534981939894e-02 nan
7.220809018385455944e+06 5.341279673402364869e-01 nan 1.555691998929142894e+00 nan 8.309386051954924524e-01 nan -8.321582562217564316e-01 nan -6.664776920445572052e-03 nan 2.834540616810476282e-02 nan
8.497534359086439013e+06 4.639189752591046378e-01 nan 1.440803089406724746e+00 nan 6.684158927877198453e-01 nan -8.794594968933537871e-01 nan -6.843984176826082427e-03 nan 2.920734923907367456e-02 nan
1.000000000000000000e+07 4.322655476481016557e-01 nan 1.320528731264217770e+00 nan 5.708190752049799865e-01 nan -9.083961674503413519e-01 nan -6.761400984868080194e-03 nan 3.038465478978140399e-02 nan
