1.000000000000000000e+02 5.972803759117099529e-03 nan 9.993044921936491964e-02 nan 5.968649627476832345e-04 nan 1.384779797458806527e+00 nan -3.130382875526143034e-03 nan -4.030715695762448342e-02 nan
1.072267222010323167e+02 5.506959970550463421e-03 nan 9.995237928139354133e-02 nan 5.504337516639116893e-04 nan 1.061423995753255412e+00 nan -3.024487679025947198e-03 nan -4.094231860315014626e-02 nan
1.149756995397735579e+02 6.716714446141059357e-03 nan 9.993745669036385726e-02 nan 6.712513590627633420e-04 nan 1.606309834143511139e+00 nan -3.042721418893635458e-03 nan -4.015836341387409025e-02 nan
1.232846739442065882e+02 5.400890484559076228e-03 nan 9.999303096483302955e-02 nan 5.400514094601878120e-04 nan 1.947991952159735973e+00 nan -3.034927133994543523e-03 nan -4.057464084726752213e-02 nan
1.321941148466028721e+02 1.093113449729574659e-02 nan 9.999829774005261629e-02 nan 1.093094842097140466e-03 nan 2.074749353192039791e+00 nan -3.098485700214247476e-03 nan -3.908611741114171451e-02 nan
1.417474162926804695e+02 6.095666945408220044e-03 nan 1.000008501031422609e-01 nan 6.095718764864465136e-04 nan 1.903249187108949414e+00 nan -3.061672403728549815e-03 nan -3.974637777240165593e-02 nan
1.519911082952933157e+02 1.240489186463006495e-02 nan 9.996571765527788311e-02 nan 1.240063917683862727e-03 nan 1.985310306267519920e+00 nan -3.009606942662927057e-03 nan -3.976506230472971054e-02 nan
1.629750834620643332e+02 1.339759575972769047e-02 nan 9.995218542679679130e-02 nan 1.339118975649568550e-03 nan 2.251361263423751424e+00 nan -3.096070587523305426e-03 nan -4.007979133454704634e-02 nan
1.747528400007682876e+02 1.555354406298425744e-02 nan 1.000099104642016290e-01 nan 1.555508549140070373e-03 nan 2.644987776702629745e+00 nan -3.131379056991086002e-03 nan -3.954248090512896274e-02 nan
1.873817422860383033e+02 1.828254053169302978e-02 nan 9.997566223307441380e-02 nan 1.827809096959034886e-03 nan 2.698237060008251476e+00 nan -3.046400247345200634e-03 nan -3.965334226976277576e-02 nan
2.009233002565048025e+02 1.886489362198223718e-02 nan 1.000016838078867792e-01 nan 1.886521127054887823e-03 nan 2.437399944236855021e+00 nan -3.045007971088626794e-03 nan -4.009116313249776187e-02 nan
2.154434690031884543e+02 2.047895320904335320e-02 nan 9.995453721063216057e-02 nan 2.046964290568118686e-03 nan 2.909602200774623171e+00 nan -3.138192217985762405e-03 nan -3.925799871823280190e-02 nan
2.310129700083160458e+02 2.533024456202414773e-02 nan 9.998594035515517842e-02 nan 2.532668321960040297e-03 nan 2.871803414330294402e+00 nan -3.082919078462087892e-03 nan -3.986784935385710715e-02 nan
2.477076355991711409e+02 2.599148793051394429e-02 nan 9.998027910770500293e-02 nan 2.598636217717329930e-03 nan 2.849765428386703547e+00 nan -3.037514275186435977e-03 nan -3.933664989058404532e-02 nan
2.656087782946686957e+02 3.856124508040528059e-02 nan 1.000368179631099946e-01 nan 3.857544254539374030e-03 nan 2.817821645045450296e+00 nan -3.056913127332860046e-03 nan -3.993899690758469928e-02 nan
2.848035868435802058e+02 3.699133459505066918e-02 nan 9.998702346585626455e-02 nan 3.698653440188671634e-03 nan 2.753905600468037562e+00 nan -3.033519506070606574e-03 nan -4.029373675201404492e-02 nan
3.053855508833415797e+02 4.842958679097537911e-02 nan 9.998738481052857341e-02 nan 4.842347730684147186e-03 nan 2.919646358103975103e+00 nan -3.016829565416637073e-03 nan -4.061622691079030956e-02 nan
3.274549162877728463e+02 5.745722715373734191e-02 nan 9.998369133677871556e-02 nan 5.744785664806455194e-03 nan 2.813445013426468577e+00 nan -3.052065860403001089e-03 nan -4.030315148985726820e-02 nan
3.511191734215130964e+02 6.345837337139405288e-02 nan 9.995628613834973974e-02 nan 6.343063326585298214e-03 nan 2.922397991143077078e+00 nan -3.170070220339172781e-03 nan -3.957706331678569056e-02 nan
3.764935806792467474e+02 7.401308823646407520e-02 nan 9.999948813754733212e-02 nan 7.401270939125533140e-03 nan 2.957636677120849100e+00 nan -3.044880081742274217e-03 nan -4.076387410954995794e-02 nan
4.037017258596553688e+02 9.438315414690753857e-02 nan 9.998465161515884825e-02 nan 9.436866785718384804e-03 nan 2.910253153890366207e+00 nan -3.025666951161896847e-03 nan -3.999989381553038792e-02 nan
4.328761281083056929e+02 1.085420358709890815e-01 nan 9.990515556257417717e-02 nan 1.084390897876967054e-02 nan 2.912565020329954457e+00 nan -3.118298296358267170e-03 nan -4.104107502600352203e-02 nan
4.641588833612781855e+02 1.219799413870395893e-01 nan 9.993404577789366527e-02 nan 1.218994904655720107e-02 nan 2.950812296385118216e+00 nan -3.019923613717088312e-03 nan -4.128362399073653294e-02 nan
4.977023564332113779e+02 1.418534699530582255e-01 nan 9.990956411928489378e-02 nan 1.417251835181812351e-02 nan 2.971097259969668336e+00 nan -3.012837322651407742e-03 nan -4.046046444819338672e-02 nan
5.336699231206312106e+02 1.731626583708822387e-01 nan 9.995248994697886191e-02 nan 1.730803887000774074e-02 nan 2.973560045839495736e+00 nan -3.053703317165386028e-03 nan -3.905211450687384039e-02 nan
5.722367659350220492e+02 2.029677685905368067e-01 nan 9.998227017086271096e-02 nan 2.029317827519619422e-02 nan 2.986720923843456887e+00 nan -2.994975369298419517e-03 nan -4.005470131946269746e-02 nan
6.135907273413175744e+02 2.487544692049619421e-01 nan 9.997430173557203537e-02 nan 2.486905436236892808e-02 nan 2.998393920745804131e+00 nan -3.067989524512400659e-03 nan -4.093042974257187633e-02 nan
6.579332246575681893e+02 2.901101442097119287e-01 nan 9.996433684203426262e-02 nan 2.900066817707077846e-02 nan 3.002428826449852650e+00 nan -3.120188566456893412e-03 nan -4.036405940032190137e-02 nan
7.054802310718645231e+02 3.528684953765202637e-01 nan 9.988912867780633253e-02 nan 3.524772654100914032e-02 nan 3.007725303909774439e+00 nan -3.031128175183993734e-03 nan -4.113600495510044697e-02 nan
7.564633275546290179e+02 4.289159038721107042e-01 nan 9.983013207095796371e-02 nan 4.281873133088712202e-02 nan 3.005545813657219512e+00 nan -2.954076868366001859e-03 nan -4.051685773715392458e-02 nan
8.111308307896872520e+02 5.279060700697577602e-01 nan 9.997516410236549633e-02 nan 5.277749598585889518e-02 nan 2.994134049713204071e+00 nan -3.123649917695817384e-03 nan -4.152069301195124296e-02 nan
8.697490026177833897e+02 6.635916055946370351e-01 nan 9.988036645981956951e-02 nan 6.627977274645240058e-02 nan 3.008098284664079358e+00 nan -3.050335260755098876e-03 nan -3.954559713278827521e-02 nan
9.326033468832199560e+02 8.448732380627195226e-01 nan 9.997122192021570819e-02 nan 8.446300997681936706e-02 nan 2.995775245837139167e+00 nan -3.081657012728195467e-03 nan -4.139946208403540856e-02 nan
1.000000000000000000e+03 1.131445400356066777e+00 nan 9.999781715069851196e-02 nan 1.131420702608048473e-01 nan 2.977154889113240444e+00 nan -2.980440458961454778e-03 nan -4.151509003751139432e-02 nan
1.072267222010323167e+03 1.572708828373949874e+00 nan 9.990538505826883353e-02 nan 1.571220810832383019e-01 nan 2.958158763952856596e+00 nan -3.004103112793906748e-03 nan -3.866452383035493684e-02 nan
1.149756995397735636e+03 2.394158842241823848e+00 nan 1.000148366541234179e-01 nan 2.394514055308412381e-01 nan 2.903375075331895871e+00 nan -3.137736001243074131e-03 nan -3.937892541865173346e-02 nan
1.232846739442065882e+03 4.310886396679619814e+00 nan 9.998726663624039890e-02 nan 4.310337475833467824e-01 nan 2.773318948542266682e+00 nan -3.162553306520505397e-03 nan -3.784055441929567304e-02 nan
1.321941148466028608e+03 1.137024065120110983e+01 nan 9.985908139093663261e-02 nan 1.135421786622828000e+00 nan 2.166448411756233483e+00 nan -3.042598352680100059e-03 nan -4.074882313718317106e-02 nan
1.417474162926804865e+03 8.870156649070629840e+00 nan 9.990572450717218056e-02 nan 8.861794265175119145e-01 nan 5.719412728087007736e-01 nan -3.082045697738660956e-03 nan -4.005412498684641359e-02 nan
1.519911082952933157e+03 4.438932976254964302e+00 nan 1.000674056160705538e-01 nan 4.441925066374567965e-01 nan 2.253773781638392926e-01 nan -3.010370380918176401e-03 nan -4.139028104980260053e-02 nan
1.629750834620643445e+03 3.022103697306605330e+00 nan 9.999045265885998790e-02 nan 3.021815166757018667e-01 nan 1.310036474864313405e-01 nan -2.982970780987699577e-03 nan -3.894065526898518592e-02 nan
1.747528400007682876e+03 2.359307025291752513e+00 nan 9.997745669870534979e-02 nan 2.358775159600575155e-01 nan 8.902269345771074427e-02 nan -2.994674749763866998e-03 nan -4.046414393307121854e-02 nan
1.873817422860382976e+03 1.973862314616723346e+00 nan 9.994571907954030721e-02 nan 1.972790883983742416e-01 nan 6.779596660929332330e-02 nan -3.038523021475953833e-03 nan -4.078846331661510616e-02 nan
2.009233002565045808e+03 1.738408540703776817e+00 nan 9.994290277471275241e-02 nan 1.737415957662878374e-01 nan 5.295096366462814785e-02 nan -3.088601797977260071e-03 nan -3.939324781776636780e-02 nan
2.154434690031884656e+03 1.574276124129086130e+00 nan 1.000323026608003624e-01 nan 1.574784657205524629e-01 nan 4.181078348660083321e-02 nan -2.988826767600606324e-03 nan -4.053046965036923022e-02 nan
2.310129700083160515e+03 1.454831156503029632e+00 nan 9.999070791443377682e-02 nan 1.454695972347123389e-01 nan 3.343992134404061289e-02 nan -2.921995494659228223e-03 nan -4.057549731902739681e-02 nan
2.477076355991711353e+03 1.360822381896760191e+00 nan 1.001347971834320172e-01 nan 1.362656732139069515e-01 nan 3.304166183848034066e-02 nan -3.011997619399958605e-03 nan -3.956775188758385881e-02 nan
2.656087782946686730e+03 1.291403084634121567e+00 nan 1.000273303092400062e-01 nan 1.291756029090687097e-01 nan 2.993565232789752173e-02 nan -2.995978474616895100e-03 nan -4.005644507866110843e-02 nan
2.848035868435802058e+03 1.240561927771570483e+00 nan 1.000851578859957292e-01 nan 1.241618364083728610e-01 nan 2.312188605843168432e-02 nan -3.058767018136827106e-03 nan -3.920540314702228302e-02 nan
3.053855508833415570e+03 1.193878023539540090e+00 nan 1.000095328676844919e-01 nan 1.193991834351838255e-01 nan 2.517077265662326369e-02 nan -2.904244570630815439e-03 nan -4.021915278775542446e-02 nan
3.274549162877728577e+03 1.158698750997010363e+00 nan 1.001390199551029508e-01 nan 1.160309573480424877e-01 nan 2.571365585915907914e-02 nan -2.920560602110675117e-03 nan -4.030820467870432217e-02 nan
3.511191734215130964e+03 1.129261503608335104e+00 nan 1.000582269697700283e-01 nan 1.129919038362665745e-01 nan 1.935338256180374472e-02 nan -3.052515155783423924e-03 nan -3.821579773232117172e-02 nan
3.764935806792467247e+03 1.101783219962487292e+00 nan 1.001249315352148034e-01 nan 1.103159694653925577e-01 nan 2.253428764236664605e-02 nan -2.974171480100323926e-03 nan -3.895870999054578537e-02 nan
4.037017258596557895e+03 1.089164018424583213e+00 nan 1.000675649339307360e-01 nan 1.089899911374029168e-01 nan 1.970226451518808375e-02 nan -2.890007468442324853e-03 nan -3.949560019000558642e-02 nan
4.328761281083061476e+03 1.074342779303534501e+00 nan 1.001119427067770767e-01 nan 1.075545427690750983e-01 nan 2.104429507009086819e-02 nan -3.067316619565131890e-03 nan -4.066229825792492397e-02 nan
4.641588833612781855e+03 1.055132586895075386e+00 nan 1.001128322533425541e-01 nan 1.056323116768620590e-01 nan 1.644814208682632284e-02 nan -3.021761996055331075e-03 nan -3.803779154632553477e-02 nan
4.977023564332113892e+03 1.039691532054920264e+00 nan 1.002465832811232221e-01 nan 1.042255237548221497e-01 nan 1.815096383171699301e-02 nan -3.080407281966707211e-03 nan -3.959158199186112864e-02 nan
5.336699231206313016e+03 1.032705860320348501e+00 nan 1.000988039622717207e-01 nan 1.033726214628957335e-01 nan 1.914372143655240777e-02 nan -3.117876701966379883e-03 nan -4.009172057437471876e-02 nan
5.722367659350220492e+03 1.025057027925304398e+00 nan 1.002077189742941188e-01 nan 1.027186265869640680e-01 nan 1.699244907805308458e-02 nan -3.011248544434961746e-03 nan -3.967378567754888119e-02 nan
6.135907273413175972e+03 1.020864920990218527e+00 nan 1.002120179950961865e-01 nan 1.023029338328342308e-01 nan 1.393847467544739871e-02 nan -3.165113052409794601e-03 nan -4.044049650211233027e-02 nan
6.579332246575682802e+03 1.009262790216569838e+00 nan 1.002853340744236793e-01 nan 1.012142560857536844e-01 nan 1.624424282937209085e-02 nan -3.076824059239022247e-03 nan -3.929104120985728310e-02 nan
7.054802310718645458e+03 1.009406845593142643e+00 nan 1.002782223256348942e-01 nan 1.012215240794069604e-01 nan 8.549114582422134845e-03 nan -3.087767709399456221e-03 nan -3.856476516603680321e-02 nan
7.564633275546290861e+03 1.002614156478728091e+00 nan 1.002689013745256263e-01 nan 1.005310199726687920e-01 nan 1.482895784985860388e-02 nan -2.905093537898667533e-03 nan -3.936402479225542539e-02 nan
8.111308307896872066e+03 9.969359384751091957e-01 nan 1.003600691897291314e-01 nan 1.000525597630895075e-01 nan 1.752896970590045456e-02 nan -2.974539851603750194e-03 nan -4.130100615486463622e-02 nan
8.697490026177834807e+03 9.915184600845311502e-01 nan 1.002981178273700258e-01 nan 9.944743533757079146e-02 nan 1.256570529280365278e-02 nan -2.998885110869228474e-03 nan -4.024482546213624390e-02 nan
9.326033468832200015e+03 9.895925445842637114e-01 nan 1.003690319753963167e-01 nan 9.932444574999177433e-02 nan 1.008021723558805149e-02 nan -3.059009439721911347e-03 nan -4.055059520174425503e-02 nan
1.000000000000000000e+04 9.876554790983922416e-01 nan 1.003875081154085858e-01 nan 9.914827242321760936e-02 nan 7.039215875154880564e-03 nan -2.999539407961535498e-03 nan -4.102911487082662456e-02 nan
1.072267222010323167e+04 9.854737925342865745e-01 nan 1.003765153507175101e-01 nan 9.891842526404762137e-02 nan 1.066625234439477765e-02 nan -2.941944272727119256e-03 nan -3.974020017090264950e-02 nan
1.149756995397735591e+04 9.894344625863820131e-01 nan 1.003633107548647652e-01 nan 9.930291844012967273e-02 nan 1.030277242046473418e-02 nan -2.959721354383248234e-03 nan -4.049901256989591608e-02 nan
1.232846739442065882e+04 9.867780251974151984e-01 nan 1.003993159863641738e-01 nan 9.907183876019572122e-02 nan 4.835019473123924882e-03 nan -3.241127173697317711e-03 nan -4.023827499990535739e-02 nan
1.321941148466028790e+04 9.855272355998474509e-01 nan 1.004137295177674610e-01 nan 9.896046526791617282e-02 nan 6.314253617645704253e-03 nan -2.865821662357344920e-03 nan -4.075630122642424913e-02 nan
1.417474162926804820e+04 9.838204282152027691e-01 nan 1.003912301670754348e-01 nan 9.876694305202313173e-02 nan 2.026501900362021047e-03 nan -3.073227309976554831e-03 nan -3.925413477925927125e-02 nan
1.519911082952933066e+04 9.804759522231095703e-01 nan 1.004961123427589587e-01 nan 9.853402144398717977e-02 nan 1.123692448954782819e-02 nan -3.209886873201524878e-03 nan -3.953445227936988604e-02 nan
1.629750834620646856e+04 9.756931623641796891e-01 nan 1.003923921870615993e-01 nan 9.795217061029909411e-02 nan 7.108523751510276156e-03 nan -3.031048604659479333e-03 nan -4.120956737311150947e-02 nan
1.747528400007683013e+04 9.828760194264725136e-01 nan 1.004710419172215458e-01 nan 9.875057774722897919e-02 nan 4.901158987991038885e-03 nan -3.046381832249249900e-03 nan -4.148550894761789815e-02 nan
1.873817422860386796e+04 9.800556874396922913e-01 nan 1.004491908903373254e-01 nan 9.844580083079042254e-02 nan 1.330382440656752152e-02 nan -2.892082313188371751e-03 nan -3.961984888921721293e-02 nan
2.009233002565045899e+04 9.790305151748331935e-01 nan 1.005347340374671272e-01 nan 9.842657245766628371e-02 nan 8.467155960678596216e-04 nan -2.817188393922552547e-03 nan -3.785097047546926580e-02 nan
2.154434690031886566e+04 9.773740574439880868e-01 nan 1.005115774550094376e-01 nan 9.823740827729825209e-02 nan 5.597005185999037735e-03 nan -3.057291333532230655e-03 nan -4.118815223137135134e-02 nan
2.310129700083157877e+04 9.739502845431996514e-01 nan 1.005220323662288362e-01 nan 9.790346202594929492e-02 nan 1.321756642062599241e-02 nan -3.103312428814744995e-03 nan -4.041302859053504809e-02 nan
2.477076355991714081e+04 9.710035047513294604e-01 nan 1.005088848427733855e-01 nan 9.759447944098073591e-02 nan 4.699355391993176312e-03 nan -2.869517626891266143e-03 nan -3.998096142574567718e-02 nan
2.656087782946684092e+04 9.663979294431405132e-01 nan 1.007178535792176283e-01 nan 9.733352515691331974e-02 nan 1.050227061340303081e-02 nan -3.041451777802962365e-03 nan -4.083446083990228959e-02 nan
2.848035868435804878e+04 9.735992666901301940e-01 nan 1.005866127619087641e-01 nan 9.793105242383846887e-02 nan 9.783463031379113772e-03 nan -3.133374650510249802e-03 nan -4.123973161541694826e-02 nan
3.053855508833412387e+04 9.764508765364576792e-01 nan 1.006693674471738909e-01 nan 9.829869208416368298e-02 nan 7.227136907868914051e-03 nan -2.936223015486136637e-03 nan -4.191354414997837396e-02 nan
3.274549162877731578e+04 9.659828127359502137e-01 nan 1.005861831582480215e-01 nan 9.716452412957789220e-02 nan 1.705075222582141947e-02 nan -3.149183875289707311e-03 nan -4.037168582248593096e-02 nan
3.511191734215127508e+04 9.739927432089072745e-01 nan 1.006836786661536587e-01 nan 9.806517238041113915e-02 nan 5.077079137716822288e-03 nan -2.831814359967173029e-03 nan -4.155764602071188724e-02 nan
3.764935806792470976e+04 9.827831500962893596e-01 nan 1.005900946231624155e-01 nan 9.885825006223537825e-02 nan 1.036172051971728791e-02 nan -3.119563221035298681e-03 nan -4.011110572918398509e-02 nan
4.037017258596549800e+04 9.593486304789827779e-01 nan 1.008000020902833499e-01 nan 9.670234395759193247e-02 nan 1.052889692029879143e-02 nan -2.780972859966903288e-03 nan -4.027188591279255714e-02 nan
4.328761281083061476e+04 9.770263390803802794e-01 nan 1.008315347303761628e-01 nan 9.851506524147564392e-02 nan 1.200611155607189673e-02 nan -3.176191855686308352e-03 nan -4.107221239952304342e-02 nan
4.641588833612782037e+04 9.677537364896801053e-01 nan 1.008653169616236245e-01 nan 9.761278737182717269e-02 nan 1.066196845526201642e-02 nan -2.956327930433421628e-03 nan -3.951987382811231186e-02 nan
4.977023564332113892e+04 9.778512161358136057e-01 nan 1.009224149597038184e-01 nan 9.868710620370960140e-02 nan 9.820285635918857281e-03 nan -2.797034048062731638e-03 nan -4.245685263434053475e-02 nan
5.336699231206312834e+04 9.772728507517838281e-01 nan 1.009960614625444453e-01 nan 9.870070890020318788e-02 nan 2.245839436644114784e-02 nan -3.102490910145748113e-03 nan -4.130097376640546464e-02 nan
5.722367659350220492e+04 9.758216710125298121e-01 nan 1.009879685883861844e-01 nan 9.854624826007987726e-02 nan 1.525775587530597832e-02 nan -2.977329351547827654e-03 nan -3.912280177503415363e-02 nan
6.135907273413175426e+04 9.766935969652129623e-01 nan 1.008409959526317262e-01 nan 9.849075505853036039e-02 nan 2.063398110840042321e-02 nan -3.027121584359696287e-03 nan -4.022499146259284064e-02 nan
6.579332246575682075e+04 9.734174123534476974e-01 nan 1.011627571675820791e-01 nan 9.847358930860794501e-02 nan 1.015559706812663165e-02 nan -2.960090811809603772e-03 nan -4.022715947112218138e-02 nan
7.054802310718645458e+04 9.769553609016595752e-01 nan 1.011494923083491315e-01 nan 9.881853876312286789e-02 nan 9.451723560620184372e-03 nan -3.075880349940349721e-03 nan -4.110586302569344680e-02 nan
7.564633275546290679e+04 9.821351778002680444e-01 nan 1.009219127730876381e-01 nan 9.911896074533957379e-02 nan 1.250724053056107010e-02 nan -3.146094513627308974e-03 nan -4.134971432959566595e-02 nan
8.111308307896871702e+04 9.848659877067261759e-01 nan 1.010151565948209929e-01 nan 9.948639197310799043e-02 nan 2.213481797295990816e-02 nan -3.068175204545346615e-03 nan -4.049758551184554078e-02 nan
8.697490026177834079e+04 9.734347047436777700e-01 nan 1.013430182278651642e-01 nan 9.865081102647507705e-02 nan 1.011202055906323949e-02 nan -3.147089116295977238e-03 nan -3.938940769267423869e-02 nan
9.326033468832199287e+04 9.714707381543410403e-01 nan 1.010688922322875855e-01 nan 9.818547134134196497e-02 nan 2.063851944256933635e-02 nan -2.865524095182661168e-03 nan -4.011255082985647896e-02 nan
1.000000000000000000e+05 9.919122455091645696e-01 nan 1.012975594156588222e-01 nan 1.004782896245841606e-01 nan 6.132628289877040118e-03 nan -3.074124747692804499e-03 nan -3.847761743638938858e-02 nan
