1.000000000000000000e+00 9.030066957895209771e-05 nan 1.999302232752734110e+00 nan 1.805383303082658177e-04 nan 1.626648552643931822e+00 nan -7.665039078536652235e-03 nan -5.613978522022728367e-03 nan
1.176811952434998476e+00 9.289068464914269072e-05 nan 1.999297891263488003e+00 nan 1.857161499370526506e-04 nan 1.416947239128205638e+00 nan -7.628197626113563529e-03 nan -5.524490540673316838e-03 nan
1.384886371393873050e+00 1.034968149426243150e-04 nan 1.999355313493470954e+00 nan 2.069269068851863763e-04 nan 1.311493031094077111e+00 nan -7.604669170348573454e-03 nan -5.511953309815969745e-03 nan
1.629750834620644184e+00 1.241764206317608253e-04 nan 1.999294355093657938e+00 nan 2.482652168048150496e-04 nan 1.372122139542451436e+00 nan -7.650110349242854151e-03 nan -5.454901294910377216e-03 nan
1.917910261672488570e+00 1.115841041658972019e-04 nan 1.999352929552160374e+00 nan 2.230960055555399892e-04 nan 1.375568653260874186e+00 nan -7.595655606970379108e-03 nan -5.240318914470348290e-03 nan
2.257019719633920118e+00 1.356013886064786527e-04 nan 1.999337680405175455e+00 nan 2.711129657561978340e-04 nan 1.620577211083272573e+00 nan -7.548566777800678508e-03 nan -5.436816420652818699e-03 nan
2.656087782946686016e+00 1.773501700137661416e-04 nan 1.999349569918724923e+00 nan 3.545849861420361047e-04 nan 1.619950434955740093e+00 nan -7.570545732518536852e-03 nan -5.386715143459716582e-03 nan
3.125715849688236236e+00 2.381752645724351160e-04 nan 1.999276896658340297e+00 nan 4.761783038151572297e-04 nan 1.515747874194964595e+00 nan -7.615253538974572217e-03 nan -5.554879426340860599e-03 nan
3.678379771828633515e+00 2.809766239748941619e-04 nan 1.999242965752096701e+00 nan 5.617405390225790928e-04 nan 1.583411224533278983e+00 nan -7.592759885383319751e-03 nan -5.516031585529842726e-03 nan
4.328761281083058243e+00 3.398235383070209769e-04 nan 1.999326131627887859e+00 nan 6.794180802794776109e-04 nan 1.519493254366089730e+00 nan -7.584931636439039976e-03 nan -5.511443358066693901e-03 nan
5.094138014816379290e+00 3.662365985215461080e-04 nan 1.999269062722892842e+00 nan 7.322055010609918382e-04 nan 1.586318194111498769e+00 nan -7.579543238742368107e-03 nan -5.495776114221619969e-03 nan
5.994842503189410365e+00 4.245299770705253319e-04 nan 1.999251715001282070e+00 nan 8.487422847277027727e-04 nan 1.594082637750133813e+00 nan -7.605692366319726991e-03 nan -5.483015990266957781e-03 nan
7.054802310718641500e+00 4.922728602350079884e-04 nan 1.999322961057215853e+00 nan 9.842124325731610359e-04 nan 1.579851135916765514e+00 nan -7.541672012463587586e-03 nan -5.509479951192493979e-03 nan
8.302175681319743816e+00 6.007888825071643459e-04 nan 1.999314846279608648e+00 nan 1.201166132276309086e-03 nan 1.595027023161758706e+00 nan -7.518924120924254731e-03 nan -5.442498923560290351e-03 nan
9.770099572992251069e+00 6.779861631382324118e-04 nan 1.999270683980421959e+00 nan 1.355477860106635768e-03 nan 1.594944939820610585e+00 nan -7.581688192173322884e-03 nan -5.501878837736078401e-03 nan
1.149756995397735615e+01 8.189508411075369565e-04 nan 1.999285345118288593e+00 nan 1.637316414998594722e-03 nan 1.631263565632153245e+00 nan -7.594218927126718949e-03 nan -5.541592455267346090e-03 nan
1.353047774579806806e+01 9.414029240416151804e-04 nan 1.999278411407680256e+00 nan 1.882126542472465410e-03 nan 1.638947667034052813e+00 nan -7.565322251924033042e-03 nan -5.494833193392305824e-03 nan
1.592282793341092173e+01 1.135586623675196400e-03 nan 1.999349703463454864e+00 nan 2.270434779302069918e-03 nan 1.671450839125551369e+00 nan -7.596617872215673771e-03 nan -5.484325555088065754e-03 nan
1.873817422860383886e+01 1.328135765389505934e-03 nan 1.999284860171458345e+00 nan 2.655321727995471181e-03 nan 1.689546112196467220e+00 nan -7.570419429894512456e-03 nan -5.467498918342841331e-03 nan
2.205130739903045622e+01 1.559510905654547079e-03 nan 1.999339033293503265e+00 nan 3.117991026522038116e-03 nan 1.700676582125481673e+00 nan -7.561393303077560898e-03 nan -5.439408429018300663e-03 nan
2.595024211399735847e+01 1.835919359548098201e-03 nan 1.999292589951609411e+00 nan 3.670539971293217303e-03 nan 1.717780084844875432e+00 nan -7.688547690321066372e-03 nan -5.500844623821009999e-03 nan
3.053855508833415655e+01 2.207907229729089756e-03 nan 1.999279613693325519e+00 nan 4.414223913323475114e-03 nan 1.749005022057616543e+00 nan -7.579276014349712633e-03 nan -5.463066388920399287e-03 nan
3.593813663804627367e+01 2.665979868621916760e-03 nan 1.999288144760672292e+00 nan 5.330061945506412401e-03 nan 1.796518307787930979e+00 nan -7.580267148986325788e-03 nan -5.524995993894935530e-03 nan
4.229242874389498752e+01 3.176385089961385449e-03 nan 1.999303317465984220e+00 nan 6.350557247909286579e-03 nan 1.849596903373704748e+00 nan -7.647447798020082232e-03 nan -5.499160706993591607e-03 nan
4.977023564332108663e+01 3.541282850566445164e-03 nan 1.999223650023470800e+00 nan 7.079816426274969376e-03 nan 1.803625182111606051e+00 nan -7.607812615941739708e-03 nan -5.460166134255979402e-03 nan
5.857020818056664524e+01 4.244000774838590367e-03 nan 1.999285990566898263e+00 nan 8.484971293089855343e-03 nan 1.908160779331659285e+00 nan -7.619609074474243890e-03 nan -5.413837703846010457e-03 nan
6.892612104349694846e+01 5.342474418504492180e-03 nan 1.999327336314587145e+00 nan 1.068135514847740920e-02 nan 1.993388492882427698e+00 nan -7.650191801598080210e-03 nan -5.508118073521714973e-03 nan
8.111308307896868541e+01 6.408095950667668655e-03 nan 1.999246017464877179e+00 nan 1.281136030890514185e-02 nan 2.040448306068046946e+00 nan -7.554978085550959933e-03 nan -5.465430210667727474e-03 nan
9.545484566618337396e+01 7.919634037486781089e-03 nan 1.999317385335829922e+00 nan 1.583386201664471402e-02 nan 2.121938788553535460e+00 nan -7.549833894313761652e-03 nan -5.491045197543180552e-03 nan
1.123324032978027702e+02 9.807470253525185644e-03 nan 1.999270522141651130e+00 nan 1.960778617465400858e-02 nan 2.199345981671090300e+00 nan -7.589903878998824523e-03 nan -5.562516328498763769e-03 nan
1.321941148466028721e+02 1.236321628482799952e-02 nan 1.999284483541758917e+00 nan 2.471758648492741045e-02 nan 2.280185259189607905e+00 nan -7.470796639433226020e-03 nan -5.459240623170057843e-03 nan
1.555676143930472222e+02 1.573791920253638649e-02 nan 1.999212326140928475e+00 nan 3.146344205752075324e-02 nan 2.360748263884111964e+00 nan -7.582694154332136546e-03 nan -5.508081772428469886e-03 nan
1.830738280295367701e+02 2.024097135940778822e-02 nan 1.999239988879152330e+00 nan 4.046655935548566785e-02 nan 2.432703307332054976e+00 nan -7.577265230361784031e-03 nan -5.443026238671596490e-03 nan
2.154434690031882269e+02 2.663302929919109802e-02 nan 1.999302391042752980e+00 nan 5.324747915858445840e-02 nan 2.508885158580817176e+00 nan -7.575868415495727592e-03 nan -5.488796553353945777e-03 nan
2.535364493970111539e+02 3.537926971356176314e-02 nan 1.999292115106798606e+00 nan 7.073349497656079843e-02 nan 2.579606924793363731e+00 nan -7.574740379888311725e-03 nan -5.393493196890815355e-03 nan
2.983647240283337396e+02 4.777771024649755255e-02 nan 1.999154797544629547e+00 nan 9.551503865498278678e-02 nan 2.643455977751994368e+00 nan -7.612764234587735684e-03 nan -5.695259202702709911e-03 nan
3.511191734215130964e+02 6.529670204619092422e-02 nan 1.999404896992546643e+00 nan 1.305545458286173632e-01 nan 2.700950245600768795e+00 nan -7.744377632002908546e-03 nan -5.670088657971408472e-03 nan
4.132012400115334572e+02 9.043792757676336058e-02 nan 1.999323705800712947e+00 nan 1.808146925077110112e-01 nan 2.750437184220121623e+00 nan -7.593500782852307708e-03 nan -5.724165011178838913e-03 nan
4.862601580065353346e+02 1.272417356729134419e-01 nan 1.999379970692720443e+00 nan 2.544045777406005460e-01 nan 2.792193391901395927e+00 nan -7.655141875015943238e-03 nan -5.308651050226478527e-03 nan
5.722367659350214808e+02 1.826588941105986574e-01 nan 1.999337176760715762e+00 nan 3.651967176613188371e-01 nan 2.824518589962963233e+00 nan -7.684297637614689001e-03 nan -5.607038737711962650e-03 nan
6.734150657750820983e+02 2.687960237655506179e-01 nan 1.999298086770070704e+00 nan 5.374033760458678533e-01 nan 2.847599822455450180e+00 nan -7.688822659796472336e-03 nan -6.001664625972946525e-03 nan
7.924828983539169940e+02 4.113947463000411364e-01 nan 1.999350753545435788e+00 nan 8.225223960196206274e-01 nan 2.858202825066811670e+00 nan -7.806850168936922338e-03 nan -5.011729867771741974e-03 nan
9.326033468832199560e+02 6.710897262454595946e-01 nan 1.999343457170181360e+00 nan 1.341738853342987703e+00 nan 2.849547913669855603e+00 nan -7.767050521936980784e-03 nan -4.902797784198390657e-03 nan
1.097498765493055544e+03 1.239068398093528645e+00 nan 1.999331641273415006e+00 nan 2.477308654010355937e+00 nan 2.798285467497720447e+00 nan -7.877646133887776167e-03 nan -5.205589404627025511e-03 nan
1.291549665014884113e+03 1.662699122496086535e+00 nan 1.999004059411585876e+00 nan 3.323742295449758632e+00 nan 1.741619353344418641e+00 nan -7.717038961538497978e-03 nan -2.018532014035971378e-01 nan
1.519911082952933157e+03 1.658307830562832486e+00 nan 1.998953318828393888e+00 nan 3.314879941542687725e+00 nan 9.859497913221950682e-01 nan -7.670467254330539525e-03 nan -1.626613190037414503e-01 nan
1.788649529057435075e+03 1.627147140551080673e+00 nan 1.999234425519398117e+00 nan 3.253048578775171062e+00 nan 5.326318989398011183e-01 nan -7.706137895133194186e-03 nan -8.255731645524694295e-02 nan
2.104904144512019684e+03 1.567732509929884666e+00 nan 1.999597461636849038e+00 nan 3.134833947381363561e+00 nan 2.250068726330560764e-01 nan -7.821318335657372403e-03 nan -2.067873686913594689e-02 nan
2.477076355991709079e+03 1.464028047975482583e+00 nan 1.999947574549256535e+00 nan 2.927979343620648933e+00 nan 4.642927302022314962e-02 nan -7.730184312427531082e-03 nan -4.368147935142829667e-03 nan
2.915053062825175857e+03 1.307967665616517561e+00 nan 2.000361914181221668e+00 nan 2.616408703279801351e+00 nan 2.702703674593465166e-02 nan -7.765265195472354810e-03 nan -4.765849745075752784e-03 nan
3.430469286314915735e+03 1.196281807515693352e+00 nan 2.000772740281706152e+00 nan 2.393488030172326475e+00 nan 1.680931863708323704e-02 nan -7.888997366455203011e-03 nan -5.748229031671348369e-03 nan
4.037017258596553802e+03 1.126751479327989358e+00 nan 2.001257094052707686e+00 nan 2.254919391239521342e+00 nan 1.106219302937105908e-02 nan -7.853700981031285638e-03 nan -5.468932212915425875e-03 nan
4.750810162102793583e+03 1.080935510790258292e+00 nan 2.001832755640806205e+00 nan 2.163852112235264968e+00 nan 7.573268119728027159e-03 nan -7.890716392820044597e-03 nan -5.470207018103074963e-03 nan
5.590810182512223037e+03 1.050304020690870921e+00 nan 2.002492321700195088e+00 nan 2.103225736884311914e+00 nan 5.586781228604564831e-03 nan -7.720549067714928444e-03 nan -4.990114520557302480e-03 nan
6.579332246575675526e+03 1.028977657199971363e+00 nan 2.003339843623621164e+00 nan 2.061391938867190632e+00 nan 3.654685943967450612e-03 nan -7.857255218364845792e-03 nan -5.540909063696135284e-03 nan
7.742636826811270112e+03 1.014186096610789400e+00 nan 2.004237578139726583e+00 nan 2.032669886054191188e+00 nan 2.910345222801424825e-03 nan -7.779385148913177568e-03 nan -4.960098595203485915e-03 nan
9.111627561154886280e+03 1.003732873291613092e+00 nan 2.005117536251462607e+00 nan 2.012602385949080919e+00 nan 2.228500574428693426e-03 nan -7.919169917825291671e-03 nan -5.064071717567426335e-03 nan
1.072267222010323167e+04 9.960082768571564271e-01 nan 2.005858673602848530e+00 nan 1.997851841114154592e+00 nan 1.926014592452673924e-03 nan -7.709885310327280021e-03 nan -5.997509928576638151e-03 nan
1.261856883066020964e+04 9.905758261086599070e-01 nan 2.006629225562774455e+00 nan 1.987718402805625839e+00 nan 1.700421605416835291e-03 nan -7.766267564678102329e-03 nan -3.267391449893285952e-03 nan
1.484968262254463480e+04 9.864878690102529823e-01 nan 2.007548997559226667e+00 nan 1.980422732535870978e+00 nan 1.573567246719420609e-03 nan -7.885866410493770975e-03 nan -3.409653810863956611e-03 nan
1.747528400007683013e+04 9.833338535809950098e-01 nan 2.008290185880562628e+00 nan 1.974819727590826357e+00 nan 1.540137632645155463e-03 nan -7.719161323204354330e-03 nan -3.413063995305565864e-03 nan
2.056512308348651641e+04 9.808116123659433860e-01 nan 2.009280236908927542e+00 nan 1.970725388857669902e+00 nan 1.636149332405523182e-03 nan -7.875190349823613448e-03 nan -2.633104809606716563e-03 nan
2.420128264794383358e+04 9.785832416549881119e-01 nan 2.009901120071552860e+00 nan 1.966855553485611585e+00 nan 1.806539731550316219e-03 nan -7.742542132253331377e-03 nan -2.915181988536785557e-05 nan
2.848035868435799057e+04 9.761122604110833434e-01 nan 2.010841128614854867e+00 nan 1.962806679379820007e+00 nan 2.222940925197036677e-03 nan -7.595778773966569732e-03 nan 3.571509068445959025e-03 nan
3.351602650938840816e+04 9.720868373178138677e-01 nan 2.012110641319928561e+00 nan 1.955946269654207592e+00 nan 3.515314966179516887e-03 nan -7.596773599000159610e-03 nan 1.239498349168513362e-02 nan
3.944206059437656222e+04 9.639024013060637497e-01 nan 2.013429422803030722e+00 nan 1.940749455500123233e+00 nan 8.917664316381745948e-03 nan -7.547628364265901099e-03 nan 3.942092462624688376e-02 nan
4.641588833612772578e+04 9.544454920095857275e-01 nan 2.015083517593336371e+00 nan 1.923287379389778673e+00 nan 1.973305840729366878e-02 nan -7.695898189298117607e-03 nan 8.684349196562927975e-02 nan
5.462277217684336938e+04 9.471285898372264755e-01 nan 2.016793834127694307e+00 nan 1.910163100109776302e+00 nan 3.239938656674112849e-02 nan -7.656561635179227020e-03 nan 1.415504460546394561e-01 nan
6.428073117284318869e+04 9.416593855791909329e-01 nan 2.018634083336521279e+00 nan 1.900865730623881866e+00 nan 4.682593752080776994e-02 nan -7.384159473363261297e-03 nan 1.894456872666101244e-01 nan
7.564633275546290679e+04 9.417287171241457422e-01 nan 2.020753565212987990e+00 nan 1.903001662592070931e+00 nan 5.979678742239613598e-02 nan -7.415992285390162614e-03 nan 2.329910598836913149e-01 nan
8.902150854450374027e+04 9.476656866593773376e-01 nan 2.022806453694061091e+00 nan 1.916944266919002438e+00 nan 6.678969275667867578e-02 nan -7.725068895420990692e-03 nan 2.770504519994548831e-01 nan
1.047615752789664111e+05 9.563477818089308746e-01 nan 2.024383036032673111e+00 nan 1.936014226041475883e+00 nan 6.753572786413641893e-02 nan -7.869915366699153578e-03 nan 3.139436229344584328e-01 nan
1.232846739442065882e+05 9.649077199594122689e-01 nan 2.025497718046576967e+00 nan 1.954418384903314987e+00 nan 6.416030511030257344e-02 nan -7.770300551115695564e-03 nan 3.405290908639956315e-01 nan
1.450828778495940205e+05 9.724854218746645795e-01 nan 2.025917590257165113e+00 nan 1.970175322444543076e+00 nan 5.882608746142992118e-02 nan -7.762718581161386425e-03 nan 3.594234918566358017e-01 nan
1.707352647470688680e+05 9.791958205333131104e-01 nan 2.024806855961650776e+00 nan 1.982682410744846635e+00 nan 5.260705835810242093e-02 nan -7.760978178959636146e-03 nan 3.664614067137700326e-01 nan
2.009233002565045899e+05 9.846589397554232903e-01 nan 2.022313877532034176e+00 nan 1.991289438503371700e+00 nan 4.601198548963481016e-02 nan -8.138420950736906245e-03 nan 3.657419800633102125e-01 nan
2.364489412645407137e+05 9.897149400399164465e-01 nan 2.018981820873085198e+00 nan 1.998216471787086945e+00 nan 3.963765122322016055e-02 nan -7.589223105285608333e-03 nan 3.448362333704896865e-01 nan
2.782559402207125677e+05 9.940508717283168538e-01 nan 2.014196677090640542e+00 nan 2.002213962694230354e+00 nan 3.293115343052477328e-02 nan -7.394490031689556452e-03 nan 2.973427102271744560e-01 nan
3.274549162877724739e+05 9.977957447018139803e-01 nan 2.007990374164406955e+00 nan 2.003564250743448572e+00 nan 2.634185812845402097e-02 nan -7.836797902607630512e-03 nan 2.259255730954077002e-01 nan
3.853528593710527639e+05 1.000299429405933971e+00 nan 2.001379705778393525e+00 nan 2.001978977714743202e+00 nan 2.024766779857856136e-02 nan -7.480204564803061805e-03 nan 1.558235592157485583e-01 nan
4.534878508128582034e+05 1.001607523128823507e+00 nan 1.995066120423376610e+00 nan 1.998273235355489508e+00 nan 1.459638886923642076e-02 nan -7.436004095735129424e-03 nan 8.690879311855238820e-02 nan
5.336699231206302065e+05 1.002247889303152339e+00 nan 1.988466223208132932e+00 nan 1.992936075160962162e+00 nan 9.970778812348868314e-03 nan -7.094530471941975017e-03 nan 1.774356123048408465e-02 nan
6.280291441834246507e+05 1.002193405198058773e+00 nan 1.982860750937963434e+00 nan 1.987209968016097505e+00 nan 6.221120320603290565e-03 nan -7.384233992013740713e-03 nan -5.846623950628615507e-02 nan
7.390722033525775187e+05 1.001240391718084766e+00 nan 1.978173311516922661e+00 nan 1.980627021309464775e+00 nan 3.870683900760951701e-03 nan -7.715967331298059090e-03 nan -1.102990750771182804e-01 nan
8.697490026177833788e+05 1.000454091371885124e+00 nan 1.974440471901408811e+00 nan 1.975337048284000030e+00 nan 2.445471025271928056e-03 nan -7.825095179618653946e-03 nan -1.362463368947698372e-01 nan
1.023531021899024723e+06 9.996816130033263637e-01 nan 1.970896245953585257e+00 nan 1.970268738217080706e+00 nan 1.616096952957946087e-03 nan -7.856092138635787162e-03 nan -1.450063209398072817e-01 nan
1.204503540258781053e+06 9.991431781990063321e-01 nan 1.965924321755862181e+00 nan 1.964239874937877994e+00 nan 1.221195621184278934e-03 nan -7.924384743485052632e-03 nan 1.767140705840324760e-02 nan
1.417474162926804740e+06 9.990286151957370464e-01 nan 1.960122264562060845e+00 nan 1.958218231579767821e+00 nan 5.686458946598804687e-04 nan -7.709014533619456058e-03 nan 1.463271136451991736e-02 nan
1.668100537200059043e+06 9.990266261043241336e-01 nan 1.952889982555289894e+00 nan 1.950989090425143679e+00 nan 1.716015501429524193e-04 nan -7.189725049516833451e-03 nan 4.530554552410552202e-03 nan
1.963040650040268432e+06 9.987658818624083334e-01 nan 1.944088492313074568e+00 nan 1.941689257443627747e+00 nan -5.598182453852018625e-04 nan -7.194404934085295820e-03 nan 1.284582412766125704e-02 nan
2.310129700083157979e+06 9.984224285445323366e-01 nan 1.931451387784233420e+00 nan 1.928404385207241667e+00 nan -9.463771883417848585e-04 nan -7.011234878353088049e-03 nan 3.082070272139934494e-02 nan
2.718588242732940242e+06 9.987549777894974001e-01 nan 1.912834361129648109e+00 nan 1.910452839865029118e+00 nan -1.369858055426220744e-03 nan -7.684960609854576789e-03 nan 3.009429376174760015e-02 nan
3.199267137797384523e+06 9.990215814855518683e-01 nan 1.888061722385500074e+00 nan 1.886214407839897245e+00 nan -1.732571437333518816e-03 nan -7.450759526777899454e-03 nan 1.529367893571046202e-02 nan
3.764935806792463642e+06 9.996837230711381750e-01 nan 1.854380585729683339e+00 nan 1.853794087933087864e+00 nan -2.210363685748006901e-03 nan -7.066352174429722105e-03 nan 9.450119878993695419e-03 nan
4.430621457583877258e+06 1.000163976235526109e+00 nan 1.810744780154992517e+00 nan 1.811041699267540883e+00 nan -2.604607000153080776e-03 nan -7.831518669578907063e-03 nan -6.978469192032835111e-03 nan
5.214008287999684922e+06 1.000853353030861426e+00 nan 1.755004460270622069e+00 nan 1.756502098645969179e+00 nan -3.644923699887669954e-03 nan -8.188309053251395866e-03 nan -3.077030551593852234e-02 nan
6.135907273413163610e+06 1.001668469069464606e+00 nan 1.684250524756297107e+00 nan 1.687060644662082387e+00 nan -3.828241638743179465e-03 nan -7.542640049881412130e-03 nan -5.010211723615237700e-02 nan
7.220809018385455944e+06 1.003656658516971500e+00 nan 1.597901451463853650e+00 nan 1.603744431415630167e+00 nan -4.394562073121832668e-03 nan -6.743027673897717539e-03 nan -7.226118396059107163e-02 nan
8.497534359086439013e+06 1.006910347225006275e+00 nan 1.497839735291796925e+00 nan 1.508190327950074572e+00 nan -5.360116567915795827e-03 nan -6.953526194797369879e-03 nan -9.159642631466269336e-02 nan
1.000000000000000000e+07 1.010359326248466028e+00 nan 1.387976774050542206e+00 nan 1.402355278278225148e+00 nan -6.747553991250043737e-03 nan -7.320156562798853066e-03 nan -1.017396335847718242e-01 nan
