1.000000000000000000e+00 2.327847016556795490e-01 nan 1.999963699372057535e+00 nan 4.655609530805135954e-01 nan 5.002785496273531862e-03 nan -7.383160601229922342e-03 nan -4.048185201812875590e-03 nan
1.097498765493056139e+00 2.327785509276327769e-01 nan 1.999960569188286019e+00 nan 4.655479232080528829e-01 nan 5.596946411625225437e-03 nan -7.362670483368962022e-03 nan -4.068851171791352042e-03 nan
1.204503540258782257e+00 2.328005804818298330e-01 nan 1.999997055153355685e+00 nan 4.656004754016514480e-01 nan 6.088777547226698061e-03 nan -7.379608553849926166e-03 nan -4.073407340521033489e-03 nan
1.321941148466029059e+00 2.327928577955507006e-01 nan 1.999908245743589941e+00 nan 4.655643558555367933e-01 nan 6.713342152274037744e-03 nan -7.392571040970612878e-03 nan -4.120221516588275061e-03 nan
1.450828778495939719e+00 2.327984331346365232e-01 nan 1.999960340838426776e+00 nan 4.655876336785993441e-01 nan 7.373019735528174579e-03 nan -7.467648796016324378e-03 nan -4.079148102854459647e-03 nan
1.592282793341092351e+00 2.327799937455493351e-01 nan 1.999967737868378670e+00 nan 4.655524775123016656e-01 nan 8.000444665551498247e-03 nan -7.410142332463468852e-03 nan -4.120733040631571580e-03 nan
1.747528400007683835e+00 2.328096932618611281e-01 nan 1.999900311149349186e+00 nan 4.655961779929805866e-01 nan 8.900092602758036264e-03 nan -7.396518221794777352e-03 nan -4.144193227345453236e-03 nan
1.917910261672488792e+00 2.328057901466221158e-01 nan 1.999964448059715627e+00 nan 4.656033035956950727e-01 nan 9.759313598419083746e-03 nan -7.375558138477389218e-03 nan -4.184517668192239831e-03 nan
2.104904144512020459e+00 2.328015579253087386e-01 nan 1.999934235373356906e+00 nan 4.655878057430785644e-01 nan 1.072730213226691376e-02 nan -7.343859333215832855e-03 nan -4.058240872030883552e-03 nan
2.310129700083159765e+00 2.328216129510499444e-01 nan 1.999834282445980937e+00 nan 4.656046432738788488e-01 nan 1.179062667290864397e-02 nan -7.395139624383651779e-03 nan -4.043673999825799642e-03 nan
2.535364493970111877e+00 2.328146634304907037e-01 nan 1.999978085279398465e+00 nan 4.656242247926803968e-01 nan 1.285517734016394797e-02 nan -7.434821360391601422e-03 nan -4.010036796590951864e-03 nan
2.782559402207124943e+00 2.328276984880269240e-01 nan 1.999953900844249510e+00 nan 4.656446638157182294e-01 nan 1.413296957097287532e-02 nan -7.380597351391046494e-03 nan -4.066654971725369716e-03 nan
3.053855508833415389e+00 2.328376126958567605e-01 nan 1.999962616269575388e+00 nan 4.656665210531678034e-01 nan 1.551026387621590175e-02 nan -7.441987359782686884e-03 nan -4.132230206091964432e-03 nan
3.351602650938842576e+00 2.328489442601015258e-01 nan 1.999961403459340925e+00 nan 4.656889013564585178e-01 nan 1.711416242040897373e-02 nan -7.387848999600781300e-03 nan -4.012853988429579757e-03 nan
3.678379771828634404e+00 2.328496101407085128e-01 nan 1.999992665340670772e+00 nan 4.656975124088517104e-01 nan 1.870830459758465736e-02 nan -7.349152262940480441e-03 nan -4.046067618800706402e-03 nan
4.037017258596554470e+00 2.328652201205716754e-01 nan 1.999991948146161880e+00 nan 4.657285652444269619e-01 nan 2.058521500111964997e-02 nan -7.335202332885381454e-03 nan -4.046646740277564172e-03 nan
4.430621457583881373e+00 2.328950636844490663e-01 nan 1.999932474184739517e+00 nan 4.657744009398526730e-01 nan 2.251293502424545068e-02 nan -7.419694698398354021e-03 nan -4.058919866861793527e-03 nan
4.862601580065354590e+00 2.329085458348165161e-01 nan 1.999973022795074051e+00 nan 4.658108084480630517e-01 nan 2.463455835053451892e-02 nan -7.412844381980106430e-03 nan -4.084208837305021954e-03 nan
5.336699231206309513e+00 2.329270646050559668e-01 nan 1.999938167295173264e+00 nan 4.658397266996800457e-01 nan 2.702203384304979750e-02 nan -7.331733538379280393e-03 nan -3.952164357886475861e-03 nan
5.857020818056667189e+00 2.329761301666295747e-01 nan 1.999979701020951017e+00 nan 4.659475311556739996e-01 nan 2.974869506400779073e-02 nan -7.310476589241593666e-03 nan -4.064230433259157123e-03 nan
6.428073117284322180e+00 2.329882143112637638e-01 nan 1.999922318241881047e+00 nan 4.659583296884188264e-01 nan 3.258672034443321763e-02 nan -7.328979556691306990e-03 nan -4.064779168377474425e-03 nan
7.054802310718643277e+00 2.330410737613110295e-01 nan 1.999963577783375968e+00 nan 4.660736596501512397e-01 nan 3.572924400217658558e-02 nan -7.323219900402270707e-03 nan -4.021680348663044316e-03 nan
7.742636826811271966e+00 2.330936720849446919e-01 nan 1.999985812325246304e+00 nan 4.661840371126826921e-01 nan 3.936777233978361323e-02 nan -7.337037242648638408e-03 nan -4.063984075241995446e-03 nan
8.497534359086444056e+00 2.331292128515420059e-01 nan 1.999952996745179457e+00 nan 4.662474678712862364e-01 nan 4.313225522944463819e-02 nan -7.218769436518650100e-03 nan -4.045515797894607551e-03 nan
9.326033468832198636e+00 2.332010190347046930e-01 nan 1.999959833070056314e+00 nan 4.663926711004150460e-01 nan 4.722618745940110330e-02 nan -7.249961676439901567e-03 nan -4.047056961744344150e-03 nan
1.023531021899026250e+01 2.332984200148904008e-01 nan 1.999958807371138292e+00 nan 4.665872298545510888e-01 nan 5.196916162462628108e-02 nan -7.235222636986544595e-03 nan -4.051269956265827511e-03 nan
1.123324032978027631e+01 2.334051657255874490e-01 nan 1.999979519826998509e+00 nan 4.668055512730013845e-01 nan 5.681565554901268911e-02 nan -7.299512599943478765e-03 nan -4.081268851396941538e-03 nan
1.232846739442066486e+01 2.335312772159226224e-01 nan 2.000003031235641160e+00 nan 4.670632623201760869e-01 nan 6.243629797051752917e-02 nan -7.264841852457712239e-03 nan -4.067601165703834017e-03 nan
1.353047774579807516e+01 2.337022934163352217e-01 nan 2.000021618787752420e+00 nan 4.674096391929490890e-01 nan 6.843257737005359331e-02 nan -7.248000793333449383e-03 nan -4.047815211348620643e-03 nan
1.484968262254465010e+01 2.338510648698356176e-01 nan 1.999991167163882810e+00 nan 4.677000641715394202e-01 nan 7.511682308427936050e-02 nan -7.249888998699108994e-03 nan -4.055967511839588674e-03 nan
1.629750834620644184e+01 2.340909280450440277e-01 nan 2.000007927227997584e+00 nan 4.681837117822468253e-01 nan 8.235947115937136687e-02 nan -7.245420938316474678e-03 nan -4.015595992506674344e-03 nan
1.788649529057435217e+01 2.343349577192222200e-01 nan 1.999977034414238242e+00 nan 4.686645337988759596e-01 nan 9.023018325190435007e-02 nan -7.248237924778234281e-03 nan -4.111239651360613055e-03 nan
1.963040650040271373e+01 2.346424185983216615e-01 nan 1.999995304144416730e+00 nan 4.692837353497318897e-01 nan 9.894721324489808012e-02 nan -7.310553356221776919e-03 nan -4.156123455503411314e-03 nan
2.154434690031884614e+01 2.350068299454114995e-01 nan 1.999962143916332646e+00 nan 4.700047634526061668e-01 nan 1.084243441463463853e-01 nan -7.234239083079602173e-03 nan -4.100378088686841734e-03 nan
2.364489412645408350e+01 2.354917984762297523e-01 nan 1.999964115966989198e+00 nan 4.709751465569891882e-01 nan 1.188008241417541910e-01 nan -7.243724779054667995e-03 nan -4.150035736079293706e-03 nan
2.595024211399737268e+01 2.360338702611582407e-01 nan 2.000028658254795033e+00 nan 4.720745048411106870e-01 nan 1.299998377430533480e-01 nan -7.333612705303222713e-03 nan -4.132289671969695960e-03 nan
2.848035868435801987e+01 2.366811912991219624e-01 nan 1.999967080346973569e+00 nan 4.733545911355484526e-01 nan 1.423689911348589021e-01 nan -7.243752587296655755e-03 nan -4.088450166183941158e-03 nan
3.125715849688236858e+01 2.374576021381194224e-01 nan 1.999985739798820550e+00 nan 4.749118180830607661e-01 nan 1.559188776854227854e-01 nan -7.267756112883738163e-03 nan -4.103290881374939934e-03 nan
3.430469286314919231e+01 2.384139340018376352e-01 nan 1.999883400398566602e+00 nan 4.768000690339944669e-01 nan 1.704351086148534478e-01 nan -7.337662188159321461e-03 nan -4.124424835559343736e-03 nan
3.764935806792469464e+01 2.395293752807510779e-01 nan 1.999991952386324101e+00 nan 4.790568229216258800e-01 nan 1.860140033341970422e-01 nan -7.259754750020508580e-03 nan -4.112447175205645108e-03 nan
4.132012400115338835e+01 2.408805423152171610e-01 nan 1.999930322545351524e+00 nan 4.817443006873714517e-01 nan 2.032138754789727386e-01 nan -7.276908214415376414e-03 nan -4.157468349298750615e-03 nan
4.534878508128584684e+01 2.424354838288933778e-01 nan 2.000020299179515071e+00 nan 4.848758888991938076e-01 nan 2.220491410309186620e-01 nan -7.544544050798573064e-03 nan -4.113352357333984258e-03 nan
4.977023564332111505e+01 2.443958617704711234e-01 nan 1.999926553723714528e+00 nan 4.887737735749556056e-01 nan 2.420309020500681640e-01 nan -7.261854798170405516e-03 nan -4.049157129939850823e-03 nan
5.462277217684342645e+01 2.468247700808973988e-01 nan 1.999946247753217499e+00 nan 4.936362727758413782e-01 nan 2.633123586915893100e-01 nan -7.166756112389551479e-03 nan -4.093221157808950121e-03 nan
5.994842503189411786e+01 2.495243785801380954e-01 nan 1.999835852109244305e+00 nan 4.990077982598401518e-01 nan 2.852992043953719303e-01 nan -7.246533058579578135e-03 nan -4.022434560363074597e-03 nan
6.579332246575683030e+01 2.526728842389268648e-01 nan 1.999934209541757157e+00 nan 5.053291450130140694e-01 nan 3.093116443659376102e-01 nan -7.312194100619108690e-03 nan -4.089767976670756651e-03 nan
7.220809018385467937e+01 2.565243521786697567e-01 nan 1.999933245344736266e+00 nan 5.130315801626430527e-01 nan 3.345605203953816442e-01 nan -7.305937407265298070e-03 nan -4.038004983377326169e-03 nan
7.924828983539177329e+01 2.609741691624332116e-01 nan 1.999895420252433276e+00 nan 5.219210457121339353e-01 nan 3.610679252745860879e-01 nan -7.343990187568953318e-03 nan -4.035144708104743301e-03 nan
8.697490026177834466e+01 2.663133298123893100e-01 nan 1.999911380486739443e+00 nan 5.326030590671158027e-01 nan 3.884671919653115424e-01 nan -7.333517035562158587e-03 nan -4.003412684190015870e-03 nan
9.545484566618341660e+01 2.725396779193670627e-01 nan 1.999943040748865641e+00 nan 5.450638321827754318e-01 nan 4.167967416920390633e-01 nan -7.297145991565894170e-03 nan -4.099497381853611788e-03 nan
1.047615752789665180e+02 2.797305965165947650e-01 nan 1.999957264973319715e+00 nan 5.594492387386841292e-01 nan 4.454257256130560449e-01 nan -7.291663198047519667e-03 nan -4.091573736233009712e-03 nan
1.149756995397736858e+02 2.881362382144648793e-01 nan 1.999880116628836468e+00 nan 5.762379336853382661e-01 nan 4.743353593249288735e-01 nan -7.325270693356964770e-03 nan -4.185803965526508665e-03 nan
1.261856883066021027e+02 2.978096404284061305e-01 nan 1.999924838910742464e+00 nan 5.955968971598463169e-01 nan 5.027715698291359558e-01 nan -7.224902495225002559e-03 nan -4.142162177433812015e-03 nan
1.384886371393873219e+02 3.088812794774639103e-01 nan 1.999906751969386942e+00 nan 6.177337563839233603e-01 nan 5.305797432133587677e-01 nan -7.288917547329942445e-03 nan -3.998548791972342947e-03 nan
1.519911082952934578e+02 3.215858076845565239e-01 nan 1.999999498509829943e+00 nan 6.431714540969916127e-01 nan 5.572266274133745867e-01 nan -7.212560899877290543e-03 nan -4.141786345003294761e-03 nan
1.668100537200059250e+02 3.358885510103046257e-01 nan 1.999956643765347097e+00 nan 6.717625391577743965e-01 nan 5.819519201892084936e-01 nan -7.252064093843955082e-03 nan -4.091086667347244160e-03 nan
1.830738280295369691e+02 3.520216266826977081e-01 nan 1.999963974977392533e+00 nan 7.040305717783358341e-01 nan 6.044561123447493856e-01 nan -7.162910173406563177e-03 nan -4.110673782976225106e-03 nan
2.009233002565048025e+02 3.700376090121138550e-01 nan 1.999961223081074158e+00 nan 7.400608691058635502e-01 nan 6.241909862277275067e-01 nan -7.246117548694966035e-03 nan -4.061680578281525768e-03 nan
2.205130739903045765e+02 3.899730565073561972e-01 nan 1.999892790359389050e+00 nan 7.799043041434763346e-01 nan 6.407380852417929873e-01 nan -7.295736812253262628e-03 nan -4.079526276742420632e-03 nan
2.420128264794383313e+02 4.118242916854045754e-01 nan 1.999873704759736803e+00 nan 8.235965719229445536e-01 nan 6.537391649068382549e-01 nan -7.260368203787812696e-03 nan -4.007385146057663820e-03 nan
2.656087782946686957e+02 4.356681714864171218e-01 nan 1.999985918126041540e+00 nan 8.713302079485556462e-01 nan 6.630371212728292107e-01 nan -7.204428234334953052e-03 nan -4.153034287568056933e-03 nan
2.915053062825178927e+02 4.614033820248433226e-01 nan 1.999973413446631376e+00 nan 9.227944969240460260e-01 nan 6.681655493029694526e-01 nan -7.284844488418685225e-03 nan -4.066942716350219200e-03 nan
3.199267137797384635e+02 4.887930855749305081e-01 nan 2.000034466050702786e+00 nan 9.776030179171316670e-01 nan 6.691612108229563205e-01 nan -7.328263733294908960e-03 nan -4.242896630110046946e-03 nan
3.511191734215134375e+02 5.178700056663960716e-01 nan 2.000105515134743328e+00 nan 1.035794654456219543e+00 nan 6.657860268316149188e-01 nan -7.327992450422931778e-03 nan -4.289505916345170630e-03 nan
3.853528593710531140e+02 5.481141231815434001e-01 nan 2.000061460431179938e+00 nan 1.096261933693433388e+00 nan 6.583646175757174035e-01 nan -7.291163107426277754e-03 nan -4.196699385251221465e-03 nan
4.229242874389498752e+02 5.794500723009774479e-01 nan 2.000125861536013794e+00 nan 1.158973075078097992e+00 nan 6.470140943920128507e-01 nan -7.286478651314910737e-03 nan -4.380946474616166826e-03 nan
4.641588833612781855e+02 6.114514796337600089e-01 nan 2.000175562613392355e+00 nan 1.223010307287247134e+00 nan 6.318216883809277817e-01 nan -7.247959409849088694e-03 nan -4.237091460673560184e-03 nan
5.094138014816380178e+02 6.437246341300960628e-01 nan 2.000141831078423582e+00 nan 1.287540568419258680e+00 nan 6.131132543289901093e-01 nan -7.227930335276932551e-03 nan -4.376253178936863678e-03 nan
5.590810182512228721e+02 6.756648226765719079e-01 nan 2.000122350733379850e+00 nan 1.351412313439717350e+00 nan 5.917168036673103870e-01 nan -7.281564914403779176e-03 nan -3.877550211875937375e-03 nan
6.135907273413175744e+02 7.071395976554321061e-01 nan 2.000252749016750098e+00 nan 1.414457924148876611e+00 nan 5.675909630957463037e-01 nan -7.255623289169579881e-03 nan -4.339736940253018094e-03 nan
6.734150657750827804e+02 7.375075938568907974e-01 nan 2.000203463108923607e+00 nan 1.475165243301682416e+00 nan 5.414010707267600253e-01 nan -7.218901358666876371e-03 nan -4.147082529641411310e-03 nan
7.390722033525782990e+02 7.665570754980556289e-01 nan 2.000287672388630700e+00 nan 1.533334668301041592e+00 nan 5.136581058921017018e-01 nan -7.285484167571052577e-03 nan -3.933066103437007910e-03 nan
8.111308307896872520e+02 7.938427171694752982e-01 nan 2.000341496354551829e+00 nan 1.587956528732951567e+00 nan 4.848727303487088136e-01 nan -7.246351180757688165e-03 nan -4.220175843614583193e-03 nan
8.902150854450392217e+02 8.192308238203350745e-01 nan 2.000317429388744017e+00 nan 1.638721695580315663e+00 nan 4.554882747891468853e-01 nan -7.270214937983278392e-03 nan -4.047660783712675285e-03 nan
9.770099572992256753e+02 8.425037191936900483e-01 nan 2.000427751774602303e+00 nan 1.685367820848374221e+00 nan 4.258500590062581637e-01 nan -7.320581218858141295e-03 nan -4.062947086318349083e-03 nan
1.072267222010324303e+03 8.636506970788258020e-01 nan 2.000462635989975091e+00 nan 1.727700950052887263e+00 nan 3.965005029264574432e-01 nan -7.360708370232422505e-03 nan -3.993747996325984137e-03 nan
1.176811952434999057e+03 8.825744087024637308e-01 nan 2.000513589387645563e+00 nan 1.765602098255044661e+00 nan 3.676824584258824302e-01 nan -7.300471376121684362e-03 nan -4.272669622866631309e-03 nan
1.291549665014884113e+03 8.993514632380260609e-01 nan 2.000624653725914470e+00 nan 1.799264709718470412e+00 nan 3.396862847630863769e-01 nan -7.294034602689318178e-03 nan -4.224848472956334484e-03 nan
1.417474162926806230e+03 9.142050797475678170e-01 nan 2.000589807528466491e+00 nan 1.828949364533733135e+00 nan 3.127002628349657698e-01 nan -7.306936859053167130e-03 nan -4.286116618415485892e-03 nan
1.555676143930472335e+03 9.270149487409762301e-01 nan 2.000763706897443317e+00 nan 1.854737865192338964e+00 nan 2.869150233761956770e-01 nan -7.336882108622438600e-03 nan -4.282233818736653000e-03 nan
1.707352647470692091e+03 9.382248674834109403e-01 nan 2.000752021389474944e+00 nan 1.877155300135306737e+00 nan 2.623021808559613532e-01 nan -7.350260675074706158e-03 nan -3.517835472383303453e-03 nan
1.873817422860385022e+03 9.478560064851262457e-01 nan 2.000806322881377497e+00 nan 1.896476290956532473e+00 nan 2.390044490553009382e-01 nan -7.331084214682417541e-03 nan -3.564630449571580106e-03 nan
2.056512308348653733e+03 9.560397062768013487e-01 nan 2.001007885162605415e+00 nan 1.913042990788420772e+00 nan 2.169919908799151642e-01 nan -7.233978061392283034e-03 nan -3.865736817218576923e-03 nan
2.257019719633921341e+03 9.630670898460605978e-01 nan 2.001019022923745894e+00 nan 1.927115567133779628e+00 nan 1.962440500617717021e-01 nan -7.338815924085605180e-03 nan -3.512635452393186343e-03 nan
2.477076355991711353e+03 9.689506039587693076e-01 nan 2.001100922683232142e+00 nan 1.938967947616368370e+00 nan 1.767561558861352466e-01 nan -7.366646962113224291e-03 nan -3.440880065857572327e-03 nan
2.718588242732942945e+03 9.739651154398932809e-01 nan 2.001318121225435398e+00 nan 1.949214034971281428e+00 nan 1.582573338009147790e-01 nan -7.198522155552351115e-03 nan -3.817777971369558203e-03 nan
2.983647240283340125e+03 9.781110195586425471e-01 nan 2.001521807675017861e+00 nan 1.957710535973868904e+00 nan 1.409416180085720782e-01 nan -7.314915933371636883e-03 nan -3.742936027637109708e-03 nan
3.274549162877731760e+03 9.816070448562232986e-01 nan 2.001639902773364899e+00 nan 1.964823829827660795e+00 nan 1.246240259384876481e-01 nan -7.306172456473457658e-03 nan -3.779125754569488422e-03 nan
3.593813663804629414e+03 9.844900044968299957e-01 nan 2.001903326744983502e+00 nan 1.970853815149387733e+00 nan 1.091080851657402206e-01 nan -7.266333249191690540e-03 nan -3.530049636910365107e-03 nan
3.944206059437659860e+03 9.868368196703531936e-01 nan 2.002253955154969400e+00 nan 1.975897925277515954e+00 nan 9.447715963253955351e-02 nan -7.371262778302681805e-03 nan -2.755466803924589911e-03 nan
4.328761281083061476e+03 9.887348673396669785e-01 nan 2.002339003510727355e+00 nan 1.979782389005219967e+00 nan 8.034972384210448126e-02 nan -7.322647904790359659e-03 nan -3.130634284623116503e-03 nan
4.750810162102798131e+03 9.902110335001762520e-01 nan 2.002688298530214350e+00 nan 1.983084049866313148e+00 nan 6.698365535711658936e-02 nan -7.501863951575281353e-03 nan -2.550043610432872754e-03 nan
5.214008287999689855e+03 9.913125884603162241e-01 nan 2.003132200001991325e+00 nan 1.985730166212181791e+00 nan 5.396930891226858762e-02 nan -7.062864814410722315e-03 nan -2.317300939628355594e-03 nan
5.722367659350220492e+03 9.920726188683799407e-01 nan 2.003547144898178090e+00 nan 1.987664263065401116e+00 nan 4.109100825523270828e-02 nan -7.339854204861774069e-03 nan -2.091695610924142190e-03 nan
6.280291441834259786e+03 9.924548500375388604e-01 nan 2.003870463191824047e+00 nan 1.988750960041695270e+00 nan 2.841225819111770079e-02 nan -7.208921409161067953e-03 nan -2.196381158266652676e-03 nan
6.892612104349702349e+03 9.923066756144397482e-01 nan 2.004212960416821510e+00 nan 1.988793899974590884e+00 nan 1.569452338224408550e-02 nan -7.266587204544583227e-03 nan -1.978449205274019317e-03 nan
7.564633275546290861e+03 9.916529785046642731e-01 nan 2.004683002668628422e+00 nan 1.987949870554019283e+00 nan 2.632810594619172662e-03 nan -7.197978678429824313e-03 nan -1.332115581656640639e-03 nan
8.302175681319751675e+03 9.903359968773112199e-01 nan 2.005283346049087534e+00 nan 1.985904281530993298e+00 nan -1.116573086561345463e-02 nan -7.203646819091831868e-03 nan -7.709222448946630906e-04 nan
9.111627561154895375e+03 9.884923868111928913e-01 nan 2.005624547820912706e+00 nan 1.982544596322613373e+00 nan -2.603998418986819274e-02 nan -7.141855478054199430e-03 nan -5.977417187916804139e-04 nan
1.000000000000000000e+04 9.856539955660429397e-01 nan 2.005939629871573704e+00 nan 1.977162411047185930e+00 nan -4.325292205000863532e-02 nan -7.415355724847723720e-03 nan 3.633063776769266599e-04 nan
