1.199999999999999545e+03 9.762843985666211921e-01 nan 5.008633620622861965e-02 nan 4.889850861950349042e-02 nan -1.565215198502745153e-01 nan -7.519128763418532306e-03 nan -6.851781552263855671e-03 nan
1.204924806735919219e+03 9.830363780371446092e-01 nan 4.987626677540427100e-02 nan 4.903018464090778961e-02 nan -1.535484382340239762e-01 nan -7.541170365346615626e-03 nan -1.189553144141208135e-02 nan
1.209869824906327267e+03 9.842005520554754083e-01 nan 5.067481135886178767e-02 nan 4.987417731469884902e-02 nan -1.654375397901426403e-01 nan -8.047097169888342560e-03 nan -1.005028594010241860e-02 nan
1.214835137459064299e+03 9.744069156795134301e-01 nan 5.043611951773697283e-02 nan 4.914530365812139201e-02 nan -1.769160501508149075e-01 nan -7.984942584832977266e-03 nan -1.052924800018132691e-02 nan
1.219820827682389336e+03 9.863155214944014926e-01 nan 5.002362058029020953e-02 nan 4.933907341968701149e-02 nan -1.709181613979851022e-01 nan -7.427069665831842471e-03 nan -9.908025228379968574e-03 nan
1.224826979206375881e+03 9.691954199602309528e-01 nan 5.050177736363040126e-02 nan 4.894609132068185320e-02 nan -1.736485494303710020e-01 nan -9.150173428909542592e-03 nan -9.561932490867628212e-03 nan
1.229853676004318913e+03 9.688763762787614420e-01 nan 5.109565815319355719e-02 nan 4.950537611504452623e-02 nan -1.769199048068728075e-01 nan -8.227016181853423135e-03 nan -9.869628945806873874e-03 nan
1.234901002394136867e+03 9.667111396600330808e-01 nan 5.074665394929785134e-02 nan 4.905735567325904267e-02 nan -1.798984223650905712e-01 nan -7.322391629654589028e-03 nan -1.042992585385743402e-02 nan
1.239969043039790449e+03 9.653958778831819298e-01 nan 5.037662202278204299e-02 nan 4.863338324247290512e-02 nan -1.769396332523709425e-01 nan -8.581135206809430843e-03 nan -8.904801316932279415e-03 nan
1.245057882952702357e+03 9.636456845367373791e-01 nan 5.050483204872473209e-02 nan 4.866876345200629728e-02 nan -1.843799491992821338e-01 nan -8.438031369320454778e-03 nan -8.733492804551917094e-03 nan
1.250167607493181549e+03 9.602837228162045546e-01 nan 5.052582097534485950e-02 nan 4.851912346454923669e-02 nan -2.012123598323016793e-01 nan -7.964360328072930123e-03 nan -1.008672487421120520e-02 nan
1.255298302371857289e+03 9.557055514867973667e-01 nan 5.086869653646319128e-02 nan 4.861549567679509382e-02 nan -2.016669029178639327e-01 nan -8.237735844062510360e-03 nan -9.097650914729586008e-03 nan
1.260450053651115240e+03 9.529267349453869329e-01 nan 5.061786639875305582e-02 nan 4.823511815726556212e-02 nan -2.029219255147207690e-01 nan -8.170155525728568444e-03 nan -9.493414964983732177e-03 nan
1.265622947746541058e+03 9.520228329625657349e-01 nan 5.055495942435030837e-02 nan 4.812947569147753984e-02 nan -2.053536971590972371e-01 nan -7.545512056619912630e-03 nan -8.881825374571272746e-03 nan
1.270817071428370355e+03 9.534781789114323836e-01 nan 5.038257315523241020e-02 nan 4.803868410092301811e-02 nan -2.056483415424330552e-01 nan -8.234021642083151626e-03 nan -9.906683414186412059e-03 nan
1.276032511822947072e+03 9.413896549100815303e-01 nan 5.078884294321576315e-02 nan 4.781209133159621677e-02 nan -2.176966550462453576e-01 nan -8.450978374532359602e-03 nan -9.607078737300543333e-03 nan
1.281269356414178674e+03 9.419755043665426486e-01 nan 5.091433054464486463e-02 nan 4.796005219427671579e-02 nan -2.357979784695789505e-01 nan -8.199416749709781405e-03 nan -9.278307756561425881e-03 nan
1.286527693045008618e+03 9.480035468038257029e-01 nan 5.043847235984857957e-02 nan 4.781585069250317982e-02 nan -2.232454667280903138e-01 nan -7.081053494728725348e-03 nan -9.446063387206694861e-03 nan
1.291807609918887920e+03 9.516662387838197290e-01 nan 5.039223856001517898e-02 nan 4.795659213430661372e-02 nan -2.474861849146541282e-01 nan -6.959737773775602314e-03 nan -8.737403995043765623e-03 nan
1.297109195601255124e+03 9.375919890571735582e-01 nan 5.054732842273425980e-02 nan 4.739277019739761981e-02 nan -2.357786806849349048e-01 nan -8.783125536532550293e-03 nan -8.830697437142393663e-03 nan
1.302432539021021967e+03 9.309265434776969883e-01 nan 5.001314969229093271e-02 nan 4.655856857147704086e-02 nan -2.457526968058969530e-01 nan -8.000000832276178697e-03 nan -9.478093313682340454e-03 nan
1.307777729472064948e+03 9.324751403316318132e-01 nan 5.068549499007990455e-02 nan 4.726296405365298242e-02 nan -2.530045182356701616e-01 nan -8.019436262894670889e-03 nan -1.026813766356693587e-02 nan
1.313144856614723039e+03 9.138135824309586708e-01 nan 5.047035264621167056e-02 nan 4.612049375818850355e-02 nan -2.616492551091051944e-01 nan -8.143722228157143292e-03 nan -9.753695096877689624e-03 nan
1.318534010477300399e+03 9.050652897255094809e-01 nan 5.112215371854177820e-02 nan 4.626888686666404821e-02 nan -2.658332127089866326e-01 nan -8.156514769477520022e-03 nan -8.979362294532614724e-03 nan
1.323945281457581586e+03 8.973668191122078364e-01 nan 5.097697933499862472e-02 nan 4.574504979379646896e-02 nan -2.809471280697866113e-01 nan -8.576893523481609119e-03 nan -1.008021454722417450e-02 nan
1.329378760324341101e+03 8.966624877295954477e-01 nan 5.040691014332090991e-02 nan 4.519798544787230477e-02 nan -2.774402212921174282e-01 nan -8.175461952955738812e-03 nan -8.900116588246445928e-03 nan
1.334834538218869284e+03 8.880028263042083481e-01 nan 5.070413271581995784e-02 nan 4.502541315695179902e-02 nan -3.037101398984169975e-01 nan -8.173742397147147967e-03 nan -9.949062426575496984e-03 nan
1.340312706656501177e+03 8.750483781264102312e-01 nan 5.114222077079196016e-02 nan 4.475191733926431326e-02 nan -3.000305779374428106e-01 nan -7.735892254177989709e-03 nan -9.081423179260830064e-03 nan
1.345813357528151528e+03 8.717561065759391603e-01 nan 5.031255240940141205e-02 nan 4.386027480031766401e-02 nan -3.210204759280754772e-01 nan -8.261034031941026645e-03 nan -1.042667909155577284e-02 nan
1.351336583101855922e+03 8.476972856707112314e-01 nan 5.060656512688276737e-02 nan 4.289904789517659522e-02 nan -3.188741713899125862e-01 nan -7.918008429156063802e-03 nan -1.087187242284677960e-02 nan
1.356882476024318066e+03 8.392979220759579917e-01 nan 5.081394687940438831e-02 nan 4.264804002836221353e-02 nan -3.442585644887161678e-01 nan -9.009299136917005638e-03 nan -1.002999152669786787e-02 nan
1.362451129322464567e+03 8.305975187120380188e-01 nan 5.030166418554505442e-02 nan 4.178043745959991034e-02 nan -3.548498366924937031e-01 nan -9.145012216501994390e-03 nan -1.019917843627386918e-02 nan
1.368042636405003577e+03 7.996370246986592711e-01 nan 5.064193058684978571e-02 nan 4.049516269946459163e-02 nan -3.629802377387809642e-01 nan -8.970728486225003698e-03 nan -1.012910844696394974e-02 nan
1.373657091063997314e+03 7.860987852484094818e-01 nan 5.076526154462535773e-02 nan 3.990651043304779128e-02 nan -3.778692508164280817e-01 nan -8.002587394558972542e-03 nan -1.111075298594577966e-02 nan
1.379294587476427068e+03 7.700513592362272508e-01 nan 5.071292457666815717e-02 nan 3.905155650110758714e-02 nan -3.812072998291502479e-01 nan -1.017426454357298407e-02 nan -9.835830401073053508e-03 nan
1.384955220205778232e+03 7.435617779703047603e-01 nan 5.131579333680636595e-02 nan 3.815646253147245842e-02 nan -3.801583739623133340e-01 nan -9.274196242097658069e-03 nan -1.036202828929690470e-02 nan
1.390639084203625089e+03 7.263026985429792415e-01 nan 5.060680938188501232e-02 nan 3.675586221871324222e-02 nan -3.930701568539238799e-01 nan -8.385864938901621199e-03 nan -9.773263269578670934e-03 nan
1.396346274811224475e+03 6.916032760013939296e-01 nan 5.074350712775758943e-02 nan 3.509437576535723302e-02 nan -3.942560260865142219e-01 nan -8.586275008202286924e-03 nan -1.058885415366471461e-02 nan
1.402076887761113085e+03 6.662309946574656028e-01 nan 5.082088163273226072e-02 nan 3.385844651954453971e-02 nan -3.838050417819554028e-01 nan -7.755793725879086414e-03 nan -1.034684486741166941e-02 nan
1.407831019178715678e+03 6.354259452666862762e-01 nan 5.099976227400074974e-02 nan 3.240657215133321140e-02 nan -3.763758055370267641e-01 nan -8.499044407290741801e-03 nan -9.923858350037915999e-03 nan
1.413608765583955574e+03 6.040918333745797231e-01 nan 5.067926409629296136e-02 nan 3.061492956200412979e-02 nan -3.774084255430216750e-01 nan -8.964787281614478368e-03 nan -8.659072922768988254e-03 nan
1.419410223892873091e+03 5.675550579089648773e-01 nan 5.031695763128268134e-02 nan 2.855764380222557478e-02 nan -3.410034859229398307e-01 nan -8.896858735507934615e-03 nan -1.015136941758241172e-02 nan
1.425235491419257187e+03 5.488503921159467724e-01 nan 5.053426844336691981e-02 nan 2.773575305043444669e-02 nan -3.067104316907904860e-01 nan -9.546293343400640355e-03 nan -1.018459794962874379e-02 nan
1.431084665876268218e+03 5.065991846208039995e-01 nan 5.094693762022037276e-02 nan 2.580967705733060516e-02 nan -2.685343970623250698e-01 nan -7.846457291824674926e-03 nan -9.726211240107763764e-03 nan
1.436957845378083675e+03 4.918662420377759581e-01 nan 5.101627353708411416e-02 nan 2.509318274745679991e-02 nan -1.752469482080130092e-01 nan -9.226894544034691670e-03 nan -8.524605845788502806e-03 nan
1.442855128441542320e+03 4.784077947932619534e-01 nan 5.061559193523677835e-02 nan 2.421489371989224079e-02 nan -1.225336863521189201e-01 nan -8.599378971112899700e-03 nan -9.369100833967749023e-03 nan
1.448776613987796509e+03 4.691619279618612914e-01 nan 5.095868619754114620e-02 nan 2.390787546284189533e-02 nan -2.265014012140653676e-02 nan -8.833221243671540018e-03 nan -8.863303781810369375e-03 nan
1.454722401343971569e+03 4.746911174400610389e-01 nan 5.002587524840755584e-02 nan 2.374683862258367487e-02 nan 4.084979148108969227e-02 nan -9.140125638138081252e-03 nan -9.254372272679537229e-03 nan
1.460692590244831308e+03 4.712680827172078812e-01 nan 5.084318055962031707e-02 nan 2.396076822157708341e-02 nan 1.372234732750623465e-01 nan -9.676157133708649521e-03 nan -8.885448342889418899e-03 nan
1.466687280834452622e+03 5.056648660714374577e-01 nan 5.063722695864847356e-02 nan 2.560546658827396113e-02 nan 2.172748058716207353e-01 nan -8.953359154948206319e-03 nan -8.781717848998320947e-03 nan
1.472706573667902148e+03 5.420458030263014537e-01 nan 5.066804230643336820e-02 nan 2.746439967976128937e-02 nan 2.850386087659875223e-01 nan -8.821226797086127724e-03 nan -9.355559940619824488e-03 nan
1.478750569712929291e+03 5.495475135765418573e-01 nan 5.273435883345421737e-02 nan 2.898003577697791378e-02 nan 2.942549224529904528e-01 nan -6.749585379908631250e-03 nan -9.131347570628474755e-03 nan
1.484819370351651969e+03 6.045306918400707996e-01 nan 5.030121070106460118e-02 nan 3.040862570550775801e-02 nan 3.199035363309183921e-01 nan -8.993371030141368572e-03 nan -8.897500973831014986e-03 nan
1.490913077382261690e+03 6.264623288356909736e-01 nan 5.081923232045099104e-02 nan 3.183633462911174272e-02 nan 3.462186116054057905e-01 nan -8.024520800244324195e-03 nan -1.016477905183959043e-02 nan
1.497031793020730674e+03 6.604719079601234499e-01 nan 5.057159336544043982e-02 nan 3.340111675865596597e-02 nan 3.462533647213996701e-01 nan -8.255478792967986534e-03 nan -8.636372509811841847e-03 nan
1.503175619902525796e+03 6.727916948638411609e-01 nan 5.165214673661309985e-02 nan 3.475113534628174877e-02 nan 3.846579978294535351e-01 nan -7.115973350091022408e-03 nan -8.546366059523245393e-03 nan
1.509344661084330937e+03 7.147905782580066258e-01 nan 5.058909200361316749e-02 nan 3.616060632681015324e-02 nan 3.435001686362109119e-01 nan -7.276726376981770307e-03 nan -9.378922883645219102e-03 nan
1.515539020045774578e+03 7.434980689964698630e-01 nan 5.083670581645968051e-02 nan 3.779699260867937921e-02 nan 3.518868177985443602e-01 nan -9.307979409522876627e-03 nan -9.185896261801928045e-03 nan
1.521758800691166471e+03 7.623351503910987814e-01 nan 5.068130957829337924e-02 nan 3.863614375938612122e-02 nan 3.463522228067361652e-01 nan -9.633492269537422339e-03 nan -1.071722316537658190e-02 nan
1.528004107351238872e+03 7.807101702154103373e-01 nan 5.071881778587131878e-02 nan 3.959669686673197853e-02 nan 3.384909387781647183e-01 nan -9.319447402904039793e-03 nan -1.070305948114944061e-02 nan
1.534275044784902320e+03 8.031767680196678638e-01 nan 5.040759848489487910e-02 nan 4.048621203473097563e-02 nan 3.282968531967158654e-01 nan -8.157932263802340767e-03 nan -9.940998004183489861e-03 nan
1.540571718180994139e+03 8.096542049350085035e-01 nan 5.068209698658904944e-02 nan 4.103497294011574509e-02 nan 3.178907945351503450e-01 nan -7.533842072894961564e-03 nan -1.079340258769425319e-02 nan
1.546894233160048316e+03 8.259087701613297972e-01 nan 5.092605662609379913e-02 nan 4.206027679722337126e-02 nan 3.014634105556721622e-01 nan -8.394551522911341060e-03 nan -1.018832249306736437e-02 nan
1.553242695776066284e+03 8.397412043133991588e-01 nan 5.057034347765394094e-02 nan 4.246600113446737101e-02 nan 3.041465242707870331e-01 nan -8.111032040183346892e-03 nan -1.077670014974411311e-02 nan
1.559617212518296128e+03 8.590655192926772710e-01 nan 5.096478169307886580e-02 nan 4.378208665080272899e-02 nan 2.925418021090657739e-01 nan -8.750192292102000960e-03 nan -1.090071054435509494e-02 nan
1.566017890313018142e+03 8.643023344677538411e-01 nan 5.066048950830583097e-02 nan 4.378597934730787955e-02 nan 2.790970987241778722e-01 nan -7.612183140240164764e-03 nan -1.015842299530940289e-02 nan
1.572444836525338133e+03 8.770741002636355255e-01 nan 5.106520690679874908e-02 nan 4.478797040255690087e-02 nan 2.640483674460458730e-01 nan -8.597410786654784490e-03 nan -9.909755710966366635e-03 nan
1.578898158960989804e+03 8.844085271731102482e-01 nan 5.111364002989647604e-02 nan 4.520533909729727157e-02 nan 2.633021450364605442e-01 nan -8.265602037702293042e-03 nan -1.021908767221721068e-02 nan
1.585377965868139881e+03 8.920342877245006630e-01 nan 5.098764537985003148e-02 nan 4.548272792916394774e-02 nan 2.531842711407348290e-01 nan -9.130207177743796670e-03 nan -9.718528175704179220e-03 nan
1.591884365939211420e+03 9.086142064803325313e-01 nan 5.052115415456714942e-02 nan 4.590423839262258721e-02 nan 2.477224074929593733e-01 nan -9.280745756334196628e-03 nan -1.063562384538327237e-02 nan
1.598417468312696883e+03 9.053075086962664164e-01 nan 5.057556367726104285e-02 nan 4.578643755357057754e-02 nan 2.436023017927748668e-01 nan -9.018293004018134926e-03 nan -1.001760429094706098e-02 nan
1.604977382574995090e+03 9.077407936741046512e-01 nan 5.100859432624615941e-02 nan 4.630258189790711909e-02 nan 2.292916769770272367e-01 nan -8.252445938215917029e-03 nan -9.974905340793727496e-03 nan
1.611564218762248402e+03 9.192642888555645486e-01 nan 5.043942490874338963e-02 nan 4.636716206901964066e-02 nan 2.242113465811188533e-01 nan -9.120416238386502492e-03 nan -1.112167159560520889e-02 nan
1.618178087362187853e+03 9.299881927938065118e-01 nan 5.084038954766779278e-02 nan 4.728096199636869917e-02 nan 2.056989182330712929e-01 nan -8.277850526860325991e-03 nan -1.007632695689644406e-02 nan
1.624819099315986705e+03 9.325128278276877403e-01 nan 5.024672077319473212e-02 nan 4.685571167728003888e-02 nan 2.098339949844119090e-01 nan -8.531832829193777487e-03 nan -9.487314315633496933e-03 nan
1.631487366020121954e+03 9.332592102761824160e-01 nan 5.109170716580252458e-02 nan 4.768180628121883313e-02 nan 2.038881614519789665e-01 nan -8.816868354669001040e-03 nan -9.397859570587347930e-03 nan
1.638182999328241522e+03 9.374205080841464532e-01 nan 5.073795309530024916e-02 nan 4.756279776974595142e-02 nan 2.047661202044790407e-01 nan -9.351600031351527120e-03 nan -9.430786436133780162e-03 nan
1.644906111553040319e+03 9.444168696877573987e-01 nan 5.081746980135221081e-02 nan 4.799287575524519706e-02 nan 1.991290838526502682e-01 nan -8.745550350884864071e-03 nan -9.952224273728283929e-03 nan
1.651656815468150171e+03 9.612303590838050527e-01 nan 5.027696836767269611e-02 nan 4.832774835770313471e-02 nan 1.853584570654129848e-01 nan -8.373224274736993863e-03 nan -1.040218498753700017e-02 nan
1.658435224310021113e+03 9.483806172443285387e-01 nan 5.057480637287101871e-02 nan 4.796416608491581995e-02 nan 1.797655963316064920e-01 nan -7.750436384256564372e-03 nan -9.830152954195358131e-03 nan
1.665241451779827912e+03 9.606491826191141392e-01 nan 5.017026064814385927e-02 nan 4.819601988342730320e-02 nan 1.901622690810751415e-01 nan -8.944809707910464369e-03 nan -9.716197232682509746e-03 nan
1.672075612045376147e+03 9.540879833310323965e-01 nan 5.052602002210976329e-02 nan 4.820626854863806904e-02 nan 1.748651370749594314e-01 nan -8.487286617731425176e-03 nan -9.150501581062755324e-03 nan
1.678937819743016007e+03 9.550184355101493106e-01 nan 5.093419705554719928e-02 nan 4.864309718595433846e-02 nan 1.667868151907825336e-01 nan -8.449456224250634709e-03 nan -9.720108352062757293e-03 nan
1.685828189979566559e+03 9.678415144272189963e-01 nan 5.014525901099672889e-02 nan 4.853266342254822230e-02 nan 1.693174679967253127e-01 nan -8.941008906555256500e-03 nan -9.557713812988706537e-03 nan
1.692746838334245240e+03 9.565974927291246432e-01 nan 5.107624018875912830e-02 nan 4.885940330259753300e-02 nan 1.593368182009484713e-01 nan -8.970238760451419019e-03 nan -1.057572430718565874e-02 nan
1.699693880860607806e+03 9.674669835713956001e-01 nan 5.076494140618711959e-02 nan 4.911340473342249574e-02 nan 1.493938889614212506e-01 nan -8.794865765705700902e-03 nan -9.328771394036110623e-03 nan
1.706669434088492380e+03 9.667747082773234801e-01 nan 5.014633385972779717e-02 nan 4.848020728841560822e-02 nan 1.538262388514288759e-01 nan -8.595227291635023845e-03 nan -1.024429119158488249e-02 nan
1.713673615025981462e+03 9.662014771331918217e-01 nan 5.085025076672418376e-02 nan 4.913158740340212854e-02 nan 1.421271310224088147e-01 nan -9.741234827853046188e-03 nan -9.952285927974724791e-03 nan
1.720706541161354608e+03 9.648197515671576019e-01 nan 5.081746927234905703e-02 nan 4.902969807861948248e-02 nan 1.425167008356131859e-01 nan -8.173216939544388979e-03 nan -1.045411602372034801e-02 nan
1.727768330465064764e+03 9.838092080113409743e-01 nan 5.016022991308725226e-02 nan 4.934809606446114577e-02 nan 1.402503260739882407e-01 nan -9.106490780979857244e-03 nan -1.097218596555193590e-02 nan
1.734859101391717331e+03 9.772505117533879515e-01 nan 5.053963366342962421e-02 nan 4.938988286141535178e-02 nan 1.470185218850010855e-01 nan -9.746982829940001661e-03 nan -9.856631928947867660e-03 nan
1.741978972882054904e+03 9.804317207779337240e-01 nan 5.048160867116574524e-02 nan 4.949377045710929429e-02 nan 1.302441507737253090e-01 nan -8.973304205847583426e-03 nan -9.536927323431381234e-03 nan
1.749128064364954753e+03 9.743725614369401766e-01 nan 5.058661130904231612e-02 nan 4.929020603560644448e-02 nan 1.330152403116700022e-01 nan -9.141765519860067801e-03 nan -9.338616663024419326e-03 nan
1.756306495759430163e+03 9.747443061206418902e-01 nan 5.082896463021514127e-02 nan 4.954524385930970942e-02 nan 1.230371985486877762e-01 nan -9.691195571741065620e-03 nan -1.178039776666467073e-02 nan
1.763514387476642924e+03 9.848822838907594912e-01 nan 5.054080035515338271e-02 nan 4.977673888345036934e-02 nan 1.259084469152069730e-01 nan -8.930028521189271873e-03 nan -9.206283618622359069e-03 nan
1.770751860421921265e+03 9.804551667446325114e-01 nan 5.041059406854115493e-02 nan 4.942532741316749828e-02 nan 1.187584968661115070e-01 nan -8.403397726162312523e-03 nan -9.754706444942078114e-03 nan
1.778019035996794628e+03 9.821212489150068503e-01 nan 5.008127925564561517e-02 nan 4.918588852981589654e-02 nan 1.103926853974752653e-01 nan -8.160616195092765604e-03 nan -8.296837966146799331e-03 nan
1.785316036101019790e+03 9.793570106247118101e-01 nan 5.046673678830903426e-02 nan 4.942495247698250327e-02 nan 1.230273264212180528e-01 nan -8.305003872531213985e-03 nan -9.001179971971527347e-03 nan
1.792642983134632686e+03 9.884891189794442479e-01 nan 5.051302349907613176e-02 nan 4.993157409558972998e-02 nan 1.058943304878727787e-01 nan -8.348339381363036396e-03 nan -1.015126211860909074e-02 nan
1.799999999999999773e+03 1.000081781057956087e+00 nan 5.029541892712856288e-02 nan 5.029953213969876741e-02 nan 1.140483574266344391e-01 nan -8.268083500073891007e-03 nan -1.028759018132109279e-02 nan
