1.000000000000000000e+00 2.331901003544356310e-01 nan 1.998694938391633036e+00 nan 4.660758732614474487e-01 nan 5.034714604061463206e-03 nan -7.774253347097250313e-03 nan -6.461929393536521883e-03 nan
1.176811952434998476e+00 2.331792525086854306e-01 nan 1.998640316396251171e+00 nan 4.660414550110004162e-01 nan 5.979841334493585236e-03 nan -7.757018554419696857e-03 nan -6.481612668373048190e-03 nan
1.384886371393873050e+00 2.332028546436299143e-01 nan 1.998685305623211228e+00 nan 4.660991188056087808e-01 nan 7.017861886666310056e-03 nan -7.763230502290149014e-03 nan -6.429180949375512717e-03 nan
1.629750834620644184e+00 2.331776028576466320e-01 nan 1.998683798080121532e+00 nan 4.660482969067393788e-01 nan 8.308981753764044242e-03 nan -7.743990101956757348e-03 nan -6.506322960285265515e-03 nan
1.917910261672488570e+00 2.332083673760416698e-01 nan 1.998699702330952510e+00 nan 4.661134944555819226e-01 nan 9.651757326896159839e-03 nan -7.742829347389935078e-03 nan -6.525223890404247863e-03 nan
2.257019719633920118e+00 2.332076129691441901e-01 nan 1.998681753139432971e+00 nan 4.661078007346314833e-01 nan 1.148619949893969761e-02 nan -7.779434145679517930e-03 nan -6.518228010076346918e-03 nan
2.656087782946686016e+00 2.332298355988470517e-01 nan 1.998702364201739856e+00 nan 4.661570238137986988e-01 nan 1.349996467122593913e-02 nan -7.788406286963351841e-03 nan -6.510738010850850889e-03 nan
3.125715849688236236e+00 2.332570459194791834e-01 nan 1.998623871179802114e+00 nan 4.661931000955543691e-01 nan 1.586576675997619645e-02 nan -7.754792250474984439e-03 nan -6.420475684971200560e-03 nan
3.678379771828633515e+00 2.332609041224961155e-01 nan 1.998649842522480125e+00 nan 4.662068692910781853e-01 nan 1.870086035215123843e-02 nan -7.649390568712996670e-03 nan -6.451651811421757997e-03 nan
4.328761281083058243e+00 2.332748704843678189e-01 nan 1.998599898117667140e+00 nan 4.662231323834695185e-01 nan 2.204774595363900858e-02 nan -7.707926632870234877e-03 nan -6.424356866104421679e-03 nan
5.094138014816379290e+00 2.333162365841588703e-01 nan 1.998623791973067165e+00 nan 4.663113814907168808e-01 nan 2.583952275962886347e-02 nan -7.708001576196219125e-03 nan -6.425565992894933208e-03 nan
5.994842503189410365e+00 2.333689516792983032e-01 nan 1.998678806278282760e+00 nan 4.664295777647941565e-01 nan 3.045682888697598401e-02 nan -7.743120373423693047e-03 nan -6.455074154150769287e-03 nan
7.054802310718641500e+00 2.334357584073637748e-01 nan 1.998672488072808617e+00 nan 4.665616280612088218e-01 nan 3.581839637898909245e-02 nan -7.736774672755683709e-03 nan -6.432885822173444075e-03 nan
8.302175681319743816e+00 2.335138816175215126e-01 nan 1.998666169006194648e+00 nan 4.667162951822577677e-01 nan 4.205765337338362997e-02 nan -7.738128605112764950e-03 nan -6.487149338687265079e-03 nan
9.770099572992251069e+00 2.336454335326954568e-01 nan 1.998668888859599813e+00 nan 4.669798590259119364e-01 nan 4.945339801023251880e-02 nan -7.739673955305892417e-03 nan -6.436882533355840937e-03 nan
1.149756995397735615e+01 2.338086436150787484e-01 nan 1.998652785452109670e+00 nan 4.673022968240567732e-01 nan 5.821729827652788458e-02 nan -7.734528780269607669e-03 nan -6.472775033834021578e-03 nan
1.353047774579806806e+01 2.340718014465995866e-01 nan 1.998666320146304187e+00 nan 4.678314260472915542e-01 nan 6.841526444737056067e-02 nan -7.687687806997630519e-03 nan -6.476252384899870707e-03 nan
1.592282793341092173e+01 2.344121333313569921e-01 nan 1.998633366906028996e+00 nan 4.685039112836750230e-01 nan 8.046338920339124456e-02 nan -7.679743259994997046e-03 nan -6.459860477040061527e-03 nan
1.873817422860383886e+01 2.348867054540484667e-01 nan 1.998552853622299619e+00 nan 4.694334954631291246e-01 nan 9.437821757098774356e-02 nan -7.736796611016375294e-03 nan -6.447787872077754591e-03 nan
2.205130739903045622e+01 2.355558897471540791e-01 nan 1.998637625072687607e+00 nan 4.707908640561358493e-01 nan 1.108760319789254822e-01 nan -7.648719668831283763e-03 nan -6.486892289513786387e-03 nan
2.595024211399735847e+01 2.364288879784133268e-01 nan 1.998679473841542542e+00 nan 4.725455654256361382e-01 nan 1.299772740391240688e-01 nan -7.690664264197526537e-03 nan -6.440137500630324814e-03 nan
3.053855508833415655e+01 2.376335007939968380e-01 nan 1.998587830567055246e+00 nan 4.749314228219287393e-01 nan 1.521988719620104291e-01 nan -7.723633889412813078e-03 nan -6.414406965497973338e-03 nan
3.593813663804627367e+01 2.393808449837205587e-01 nan 1.998622125936794891e+00 nan 4.784318533099099491e-01 nan 1.781479712719402642e-01 nan -7.690388558104799613e-03 nan -6.442125854374905827e-03 nan
4.229242874389498752e+01 2.417041252342827518e-01 nan 1.998574526154893505e+00 nan 4.830637075597896679e-01 nan 2.073022165700209030e-01 nan -7.740567602707421578e-03 nan -6.495921470103530743e-03 nan
4.977023564332108663e+01 2.446464703320511413e-01 nan 1.998654305306186041e+00 nan 4.889637212071161199e-01 nan 2.418413619126766889e-01 nan -7.720788035992061024e-03 nan -6.435568042505601487e-03 nan
5.857020818056664524e+01 2.491261363359177916e-01 nan 1.998697324099576234e+00 nan 4.979277420578651081e-01 nan 2.797878454132209924e-01 nan -7.690295727429248551e-03 nan -6.481053412064037046e-03 nan
6.892612104349694846e+01 2.548990044891221718e-01 nan 1.998611526687046114e+00 nan 5.094440885130127050e-01 nan 3.216317273000086630e-01 nan -7.685195692483043697e-03 nan -6.433406110720026917e-03 nan
8.111308307896868541e+01 2.626941600173449132e-01 nan 1.998616572426338278e+00 nan 5.250249016902819310e-01 nan 3.673276350794800749e-01 nan -7.660392922285925825e-03 nan -6.391380523240386240e-03 nan
9.545484566618337396e+01 2.729246842619114100e-01 nan 1.998649065792983182e+00 nan 5.454806652319141858e-01 nan 4.164005968376329747e-01 nan -7.716072414388324904e-03 nan -6.422246231684108041e-03 nan
1.123324032978027702e+02 2.863857926625228978e-01 nan 1.998650302917866162e+00 nan 5.723850512563245507e-01 nan 4.666547594269268018e-01 nan -7.769832396318270690e-03 nan -6.441692255862109875e-03 nan
1.321941148466028721e+02 3.036906798686782594e-01 nan 1.998562950372549274e+00 nan 6.069449411589910026e-01 nan 5.164618944881667062e-01 nan -7.718608554295625958e-03 nan -6.348917242592502438e-03 nan
1.555676143930472222e+02 3.253841901138015413e-01 nan 1.998690961217052031e+00 nan 6.503424397033860105e-01 nan 5.629266767255387549e-01 nan -7.716077942149721959e-03 nan -6.434451192865390211e-03 nan
1.830738280295367701e+02 3.525217960998505151e-01 nan 1.998631817674773492e+00 nan 7.045612781090201393e-01 nan 6.039410271467815505e-01 nan -7.635004695993210036e-03 nan -6.416252707298886887e-03 nan
2.154434690031882269e+02 3.853138333859360554e-01 nan 1.998655833100573709e+00 nan 7.701097406711436832e-01 nan 6.364696851381204112e-01 nan -7.712246004591771266e-03 nan -6.459820156101325241e-03 nan
2.535364493970111539e+02 4.240236489317074087e-01 nan 1.998713162983676961e+00 nan 8.475016485361731577e-01 nan 6.583293115809603080e-01 nan -7.699291368653226469e-03 nan -6.415574917642482243e-03 nan
2.983647240283337396e+02 4.685524028008833941e-01 nan 1.998738692737273892e+00 nan 9.365138170531462913e-01 nan 6.681883931132723831e-01 nan -7.813834967661472189e-03 nan -6.460384864300752934e-03 nan
3.511191734215130964e+02 5.183215540353434125e-01 nan 1.998684538325413707e+00 nan 1.035961275931241321e+00 nan 6.653404055099798597e-01 nan -7.696369600211840079e-03 nan -6.784344968276859178e-03 nan
4.132012400115334572e+02 5.719142598325407389e-01 nan 1.998691052528480450e+00 nan 1.143079913940747705e+00 nan 6.496629050654689763e-01 nan -7.753354158156012220e-03 nan -6.164335796282418428e-03 nan
4.862601580065353346e+02 6.277638252332494728e-01 nan 1.998924194473443938e+00 nan 1.254852298673940991e+00 nan 6.225393495141808842e-01 nan -7.813613365279322917e-03 nan -6.730202814083104113e-03 nan
5.722367659350214808e+02 6.836827047011885261e-01 nan 1.998898707746093351e+00 nan 1.366612474935559707e+00 nan 5.856755014441255014e-01 nan -7.808250281448176483e-03 nan -6.691790639501610932e-03 nan
6.734150657750820983e+02 7.374115024774311467e-01 nan 1.998965101313253667e+00 nan 1.474059858759356745e+00 nan 5.414846275409530563e-01 nan -7.835332757958222635e-03 nan -6.107546802759932468e-03 nan
7.924828983539169940e+02 7.869139905865494278e-01 nan 1.999077741346417580e+00 nan 1.573102242935655370e+00 nan 4.924995590787411004e-01 nan -7.803778160166237841e-03 nan -6.669970696187175509e-03 nan
9.326033468832199560e+02 8.306009192865617674e-01 nan 1.999077319447315926e+00 nan 1.660435459257856294e+00 nan 4.415154707390982480e-01 nan -7.851916293717519507e-03 nan -6.281002621198426839e-03 nan
1.097498765493055544e+03 8.678695406162955095e-01 nan 1.999214099284146950e+00 nan 1.735057021939353517e+00 nan 3.906976162735844582e-01 nan -7.844785081752887398e-03 nan -6.754628154681909143e-03 nan
1.291549665014884113e+03 8.984532123215346333e-01 nan 1.999314476262248563e+00 nan 1.796290513638763908e+00 nan 3.417853533372046115e-01 nan -7.795628205232371655e-03 nan -6.748631227891365228e-03 nan
1.519911082952933157e+03 9.228488945881954120e-01 nan 1.999398456829428739e+00 nan 1.845142655726382142e+00 nan 2.962647413574401867e-01 nan -7.872461302045882098e-03 nan -6.103178983054416418e-03 nan
1.788649529057435075e+03 9.419776362006625492e-01 nan 1.999557996766632373e+00 nan 1.883538915240364320e+00 nan 2.541728880384717115e-01 nan -7.832808035941021124e-03 nan -6.741464308602389266e-03 nan
2.104904144512019684e+03 9.566110673151472232e-01 nan 1.999868943406161614e+00 nan 1.913096764442184128e+00 nan 2.163454358545067180e-01 nan -7.849512011176465465e-03 nan -6.288737628306776371e-03 nan
2.477076355991709079e+03 9.676267581393590556e-01 nan 1.999874017285167227e+00 nan 1.935131612032782833e+00 nan 1.823848534644731956e-01 nan -7.700302112244811550e-03 nan -6.164666631742677337e-03 nan
2.915053062825175857e+03 9.758190243069693182e-01 nan 2.000307924476717236e+00 nan 1.951938527176369176e+00 nan 1.522692145413060416e-01 nan -7.729261418284809858e-03 nan -6.673598932725138648e-03 nan
3.430469286314915735e+03 9.817759989586779534e-01 nan 2.000485426739779804e+00 nan 1.964028578239724432e+00 nan 1.254565499309769905e-01 nan -7.817907112298797673e-03 nan -6.031525147254245510e-03 nan
4.037017258596553802e+03 9.861408124450328216e-01 nan 2.001238926409208307e+00 nan 1.973503380785802008e+00 nan 1.014244657623208923e-01 nan -7.801986355726054853e-03 nan -6.209441167648312339e-03 nan
4.750810162102793583e+03 9.892114413043503474e-01 nan 2.001798987462239499e+00 nan 1.980202461589111174e+00 nan 7.996166102926949293e-02 nan -7.938257499992818628e-03 nan -6.009369784718182443e-03 nan
5.590810182512223037e+03 9.912706999056708490e-01 nan 2.002542073979641124e+00 nan 1.985061283264352605e+00 nan 6.048061452266395577e-02 nan -7.858588209412242440e-03 nan -6.032185882316164378e-03 nan
6.579332246575675526e+03 9.928768206692337728e-01 nan 2.003314306926688992e+00 nan 1.989044339862560573e+00 nan 4.241704756523745345e-02 nan -7.946953686010680210e-03 nan -6.072429471604133197e-03 nan
7.742636826811270112e+03 9.935648932175973336e-01 nan 2.004173250193772571e+00 nan 1.991276181318340610e+00 nan 2.539450370671048063e-02 nan -7.815677280536626956e-03 nan -6.150560000797861138e-03 nan
9.111627561154886280e+03 9.937990925429515121e-01 nan 2.004888204644491356e+00 nan 1.992456078425762778e+00 nan 8.832262095577192440e-03 nan -7.823313877949926443e-03 nan -6.283488182176205812e-03 nan
1.072267222010323167e+04 9.935866048308217291e-01 nan 2.005773723838156108e+00 nan 1.992909904327227810e+00 nan -7.454569028123358976e-03 nan -7.643928049272384270e-03 nan -6.574820103472296152e-03 nan
1.261856883066020964e+04 9.928279867154099492e-01 nan 2.006609512151615871e+00 nan 1.992218082073479613e+00 nan -2.424910194894991378e-02 nan -7.711495101023455728e-03 nan -5.300475147549249533e-03 nan
1.484968262254463480e+04 9.912481029783484221e-01 nan 2.007483426424471418e+00 nan 1.989914138203732197e+00 nan -4.208841141957009313e-02 nan -7.862283119273595633e-03 nan -5.140040346017056387e-03 nan
1.747528400007683013e+04 9.890811554506762082e-01 nan 2.008132742194902232e+00 nan 1.986206252948468753e+00 nan -6.156109773939988372e-02 nan -7.918525252852250465e-03 nan -4.409960290954300678e-03 nan
2.056512308348651641e+04 9.854312525438417847e-01 nan 2.008903692032105948e+00 nan 1.979636481479146282e+00 nan -8.376998214220421346e-02 nan -7.752558070690067187e-03 nan -3.556119283066374974e-03 nan
2.420128264794383358e+04 9.797482495120680701e-01 nan 2.009812500872155905e+00 nan 1.969110279576966605e+00 nan -1.101019711892732289e-01 nan -8.072126366497749464e-03 nan -3.194046306213536163e-03 nan
2.848035868435799057e+04 9.702249616993978698e-01 nan 2.010907046053339364e+00 nan 1.951032211738150446e+00 nan -1.427833955819259870e-01 nan -7.905229061445367619e-03 nan -3.040525979218936057e-04 nan
3.351602650938840816e+04 9.533975687901860008e-01 nan 2.011994846521628855e+00 nan 1.918230995092104374e+00 nan -1.850843123451184624e-01 nan -7.622313773598554491e-03 nan 3.886340681578374749e-03 nan
3.944206059437656222e+04 9.232739392725671790e-01 nan 2.013376931903785305e+00 nan 1.858898451159323173e+00 nan -2.403152737981919529e-01 nan -7.770495557774572716e-03 nan 9.427786202478820668e-03 nan
4.641588833612772578e+04 8.738601797196218213e-01 nan 2.014706113737950499e+00 nan 1.760571446633266257e+00 nan -3.085031633279449181e-01 nan -7.440364406010003921e-03 nan 1.863872837104514624e-02 nan
5.462277217684336938e+04 8.059689296322557484e-01 nan 2.016265106604825608e+00 nan 1.625047029825157363e+00 nan -3.817198687217420172e-01 nan -7.788881694167816214e-03 nan 2.864423146105065168e-02 nan
6.428073117284318869e+04 7.284540338357891054e-01 nan 2.018204660782429549e+00 nan 1.470169326253151221e+00 nan -4.471386877231537937e-01 nan -7.737180454526615750e-03 nan 3.901164976766399728e-02 nan
7.564633275546290679e+04 6.513024112195906490e-01 nan 2.019997877137525766e+00 nan 1.315629488038124961e+00 nan -4.948986226045732906e-01 nan -7.624209667810554099e-03 nan 4.560788337053246072e-02 nan
8.902150854450374027e+04 5.811549796625214981e-01 nan 2.021824911364396460e+00 nan 1.174993615245155221e+00 nan -5.207321472955115382e-01 nan -7.976583404841289596e-03 nan 5.111738047229852366e-02 nan
1.047615752789664111e+05 5.206641941032917886e-01 nan 2.023833687548088012e+00 nan 1.053737735926318475e+00 nan -5.255442734421542639e-01 nan -7.797609778396885627e-03 nan 5.534048423617191070e-02 nan
1.232846739442065882e+05 4.707359235424107280e-01 nan 2.024736312435652330e+00 nan 9.531161179642518855e-01 nan -5.126050845293974589e-01 nan -7.600629091937378956e-03 nan 5.847697336286843822e-02 nan
1.450828778495940205e+05 4.298344252244648556e-01 nan 2.024769938730656804e+00 nan 8.703158228260667872e-01 nan -4.855935723855786534e-01 nan -7.831286093643936158e-03 nan 6.013925791283998568e-02 nan
1.707352647470688680e+05 3.972875120615191324e-01 nan 2.024067466909958313e+00 nan 8.041367281733184935e-01 nan -4.474508936770718037e-01 nan -7.642514923547642433e-03 nan 6.086284085668230981e-02 nan
2.009233002565045899e+05 3.714805599434871097e-01 nan 2.022090179987667380e+00 nan 7.511671923180452959e-01 nan -4.015503095003083445e-01 nan -7.869218574364959112e-03 nan 6.126701090158968160e-02 nan
2.364489412645407137e+05 3.507394541881372341e-01 nan 2.019634333968855167e+00 nan 7.083654439558583205e-01 nan -3.489029379941293030e-01 nan -7.357179516432686694e-03 nan 6.235306611407344379e-02 nan
2.782559402207125677e+05 3.335738549604006509e-01 nan 2.015932043920453332e+00 nan 6.724622232287453816e-01 nan -2.839083926135010927e-01 nan -7.941958114734800483e-03 nan 6.077098702280305659e-02 nan
3.274549162877724739e+05 3.203900619259928417e-01 nan 2.011641147028631504e+00 nan 6.445098316693784746e-01 nan -1.980302013091730373e-01 nan -7.797406567085167668e-03 nan 5.837787267326410845e-02 nan
3.853528593710527639e+05 3.148398124414127919e-01 nan 2.006488427179058398e+00 nan 6.317224400789200889e-01 nan -8.415840119450734846e-02 nan -7.676359362641367243e-03 nan 5.203935282838234588e-02 nan
4.534878508128582034e+05 3.234342568697872733e-01 nan 2.001303100192689310e+00 nan 6.472899809820238382e-01 nan 5.590048519606227728e-02 nan -7.805802348503323995e-03 nan 3.797805370497638749e-02 nan
5.336699231206302065e+05 3.547631353937422682e-01 nan 1.996032073660330086e+00 nan 7.081185967982118745e-01 nan 1.985693262581946783e-01 nan -7.699659287793783786e-03 nan 2.042822320104730263e-02 nan
6.280291441834246507e+05 4.125966971851544596e-01 nan 1.990572001658863055e+00 nan 8.213034333936887199e-01 nan 3.063866125838607957e-01 nan -7.635788822401077917e-03 nan 1.338511326731621704e-03 nan
7.390722033525775187e+05 4.899460140562313937e-01 nan 1.984829229237004222e+00 nan 9.724591694469721936e-01 nan 3.537654173375770483e-01 nan -7.918966902634010444e-03 nan -1.655105060665402333e-02 nan
8.697490026177833788e+05 5.862528158935083056e-01 nan 1.979403661259450331e+00 nan 1.160430970203272905e+00 nan 3.516175071181280032e-01 nan -7.620921317010555945e-03 nan -3.577529381726548413e-02 nan
1.023531021899024723e+06 6.885926132429941449e-01 nan 1.973681217374114949e+00 nan 1.359062307180255891e+00 nan 3.024259044142993957e-01 nan -7.679510522794493962e-03 nan -5.190160863633457022e-02 nan
1.204503540258781053e+06 7.644906260637310824e-01 nan 1.968250925990918887e+00 nan 1.504709382661316042e+00 nan 2.298415513277944910e-01 nan -7.972059951395596075e-03 nan -5.291391391227080049e-02 nan
1.417474162926804740e+06 8.104476202357889791e-01 nan 1.961744625716523416e+00 nan 1.589891263422305023e+00 nan 1.520045635829809783e-01 nan -8.020827609312271983e-03 nan -4.760072022460603430e-02 nan
1.668100537200059043e+06 8.308175654866529758e-01 nan 1.953689280200038514e+00 nan 1.623159371493167358e+00 nan 8.039105306028204723e-02 nan -7.771026994954806366e-03 nan -3.051281631706323841e-02 nan
1.963040650040268432e+06 8.366308414099844493e-01 nan 1.942131620954350879e+00 nan 1.624847212167975563e+00 nan 1.021221549318696020e-02 nan -7.182846600185009006e-03 nan -1.286662518399325252e-02 nan
2.310129700083157979e+06 8.303519821340672458e-01 nan 1.927643641832107013e+00 nan 1.600622718843422110e+00 nan -5.835557092289178627e-02 nan -7.348410533216855750e-03 nan 4.724926051196997982e-03 nan
2.718588242732940242e+06 8.178264265310265513e-01 nan 1.907317493242204343e+00 nan 1.559854649758387390e+00 nan -1.286629550473250561e-01 nan -7.273703778019247404e-03 nan 1.245872896784825171e-02 nan
3.199267137797384523e+06 8.025028844737833733e-01 nan 1.880491441865263402e+00 nan 1.509099806325137738e+00 nan -1.992143418559209067e-01 nan -7.320355923506734371e-03 nan 1.243819475766948061e-02 nan
3.764935806792463642e+06 7.856501725182777340e-01 nan 1.843015276114780221e+00 nan 1.447965269633398444e+00 nan -2.684680456110619673e-01 nan -7.046450426047133446e-03 nan 7.558686082721907673e-03 nan
4.430621457583877258e+06 7.652736333019983794e-01 nan 1.794374421191188507e+00 nan 1.373187432809151121e+00 nan -3.360539156967448093e-01 nan -7.396785547721307016e-03 nan -2.215256008538603934e-03 nan
5.214008287999684922e+06 7.387362704140642000e-01 nan 1.730755838000605173e+00 nan 1.278572112761935387e+00 nan -4.018688203356921562e-01 nan -7.255562772477651412e-03 nan -1.155683693809611903e-02 nan
6.135907273413163610e+06 7.047003458534318865e-01 nan 1.650947081971435138e+00 nan 1.163422979650984512e+00 nan -4.676296583210834967e-01 nan -7.648257691465221338e-03 nan -1.965352995334122138e-02 nan
7.220809018385455944e+06 6.634011063056006741e-01 nan 1.553497287508210034e+00 nan 1.030591819175696422e+00 nan -5.321814276984202507e-01 nan -6.976580210103603373e-03 nan -2.655691552682611090e-02 nan
8.497534359086439013e+06 6.161385240798779028e-01 nan 1.441489483186794152e+00 nan 8.881572026473772974e-01 nan -5.926109422728131904e-01 nan -9.135257985587534255e-03 nan -3.071151774151974906e-02 nan
1.000000000000000000e+07 5.644994694480544029e-01 nan 1.319919467496503129e+00 nan 7.450938391159345198e-01 nan -6.483862769637864787e-01 nan -6.727537073621227617e-03 nan -3.201772524598903852e-02 nan
