2.000000000000000284e+02 1.314873392266206233e-02 nan 5.022017028024612639e-02 nan 6.603316565657373289e-04 nan 2.048316941743877351e+00 nan -1.061856741485122692e-02 nan -7.033928947447629955e-03 nan
2.114713861053398034e+02 1.550932572766805344e-02 nan 5.011880847835074870e-02 nan 7.773089257733530434e-04 nan 2.243998341824855913e+00 nan -1.020239460768498398e-02 nan -7.437532327436466133e-03 nan
2.236007357065686847e+02 2.225330286253425494e-02 nan 5.014833427249501541e-02 nan 1.115966070617438032e-03 nan 2.405207475777457304e+00 nan -1.098832751797449055e-02 nan -5.519541862604038750e-03 nan
2.364257875702091098e+02 2.421700025281104535e-02 nan 5.013098435944581682e-02 nan 1.214022060906365819e-03 nan 2.269505142349402149e+00 nan -1.042045677472067111e-02 nan -7.625328426981239222e-03 nan
2.499864450425936298e+02 2.898599334499224814e-02 nan 5.032353643493030909e-02 nan 1.458677692199364904e-03 nan 2.197275546555649051e+00 nan -1.152507519579364960e-02 nan -7.997786160526425270e-03 nan
2.643249002035180979e+02 3.258000117454969841e-02 nan 4.997682551046127991e-02 nan 1.628245033831093695e-03 nan 2.345818244991267676e+00 nan -1.108491286361718703e-02 nan -7.255481909408841891e-03 nan
2.794857651409681694e+02 3.176030523575645859e-02 nan 5.012990443501014193e-02 nan 1.592141066295223477e-03 nan 2.412108664811942305e+00 nan -9.448044470362253547e-03 nan -6.949630318269495004e-03 nan
2.955162107553599640e+02 3.750748031169984925e-02 nan 5.029676491965810042e-02 nan 1.886504919966271784e-03 nan 2.552557959304428081e+00 nan -9.803153375198696978e-03 nan -7.201604125296792377e-03 nan
3.124661135251683959e+02 4.372719875513525478e-02 nan 5.031759334236130671e-02 nan 2.200247404961503360e-03 nan 2.413646691533412714e+00 nan -9.958425333048111575e-03 nan -7.029977302258136676e-03 nan
3.303882106905790579e+02 4.238852625346441888e-02 nan 5.029337254536647012e-02 nan 2.131861942514533086e-03 nan 2.588395220941614561e+00 nan -1.120073334618233545e-02 nan -6.469177418836259512e-03 nan
3.493382643379993056e+02 5.567810153615630059e-02 nan 5.026646790798587616e-02 nan 2.798741504044779862e-03 nan 2.725796290003163591e+00 nan -1.088356378496785001e-02 nan -7.028401479537480998e-03 nan
3.693752348959514507e+02 5.948975225014760393e-02 nan 5.043451622392425976e-02 nan 3.000336875017303988e-03 nan 2.618354068792553946e+00 nan -1.036711979338954259e-02 nan -5.985995851393050710e-03 nan
3.905614645821616477e+02 7.258101599475969001e-02 nan 4.994909832585135018e-02 nan 3.625356304512441022e-03 nan 2.637483052669733041e+00 nan -1.056760190189284451e-02 nan -5.585703005508526817e-03 nan
4.129628713726068554e+02 8.087671220820975837e-02 nan 5.036767835966433210e-02 nan 4.073572227290246650e-03 nan 2.680006510219574700e+00 nan -1.023062642398758250e-02 nan -5.634108675832265670e-03 nan
4.366491540960315092e+02 8.923942433315495970e-02 nan 5.021454559270831230e-02 nan 4.481117141844253096e-03 nan 2.732914659235276211e+00 nan -9.474375772669541354e-03 nan -6.867711833190283562e-03 nan
4.616940092920593770e+02 1.063159789775970088e-01 nan 5.046253694782407845e-02 nan 5.364974017301077022e-03 nan 2.753506507655071545e+00 nan -1.001961251981549686e-02 nan -5.615315653086725388e-03 nan
4.881753605076170857e+02 1.171633623720012424e-01 nan 5.041303107057944904e-02 nan 5.906560227593257544e-03 nan 2.755526895471543725e+00 nan -9.306260992290807041e-03 nan -6.902341513298579194e-03 nan
5.161756007450991319e+02 1.418460855988748492e-01 nan 5.022518529779296942e-02 nan 7.124245932970092211e-03 nan 2.805851804530015592e+00 nan -1.045282463501563848e-02 nan -5.968156459503509530e-03 nan
5.457818488166128645e+02 1.536862550072873035e-01 nan 4.981032328721497066e-02 nan 7.655162046714341674e-03 nan 2.801817149389490780e+00 nan -1.053707761942061609e-02 nan -5.891651870546830289e-03 nan
5.770862204019205137e+02 1.846937059836369077e-01 nan 4.981624700770521941e-02 nan 9.200747278049339201e-03 nan 2.845645814672376872e+00 nan -9.262600807293670455e-03 nan -6.535696872520712492e-03 nan
6.101861146534292857e+02 1.991069840524971046e-01 nan 5.018991910856440697e-02 nan 9.993163423545052548e-03 nan 2.830362180118594750e+00 nan -1.064497514103314446e-02 nan -5.855823111582431247e-03 nan
6.451845172399623607e+02 2.348511018756861413e-01 nan 5.033761370137825736e-02 nan 1.182184404356131924e-02 nan 2.821652059987762584e+00 nan -1.006910762187085244e-02 nan -5.409097677798044117e-03 nan
6.821903207721965146e+02 2.783606064554857706e-01 nan 4.992306282672170914e-02 nan 1.389661404456157302e-02 nan 2.859004251532020646e+00 nan -1.023302765133181184e-02 nan -5.551206317880698696e-03 nan
7.213186636067138124e+02 3.180481557970253337e-01 nan 5.000344200601852113e-02 nan 1.590350251351770050e-02 nan 2.851850658593494181e+00 nan -8.952285693922968496e-03 nan -6.332465641107658944e-03 nan
7.626912880828160723e+02 3.561950060744650259e-01 nan 5.017750496840239771e-02 nan 1.787297668702159115e-02 nan 2.824279416131856735e+00 nan -1.061229583885335906e-02 nan -5.829315405511345700e-03 nan
8.064369193067005881e+02 4.402579820988603565e-01 nan 4.954703680288987527e-02 nan 2.181347844181826673e-02 nan 2.857627765519194618e+00 nan -9.795445104158485503e-03 nan -6.048599926379011685e-03 nan
8.526916656615401280e+02 4.963588307298696378e-01 nan 5.033036895105865577e-02 nan 2.498192308275041032e-02 nan 2.854275658523515169e+00 nan -9.251607631272997651e-03 nan -5.879604229125280461e-03 nan
9.015994422895851130e+02 6.023050175802775463e-01 nan 4.984719226740513820e-02 nan 3.002321401494692510e-02 nan 2.858008386497838060e+00 nan -1.077360402996213259e-02 nan -5.225454448734461084e-03 nan
9.533124188638992109e+02 7.294667690672506088e-01 nan 5.010412438911619748e-02 nan 3.654929373507222190e-02 nan 2.852840684842364638e+00 nan -1.125758148479696560e-02 nan -6.675916408291047294e-03 nan
1.007991493042915067e+03 8.789254109905350054e-01 nan 5.033064092158000963e-02 nan 4.423687925741674742e-02 nan 2.839393331460990488e+00 nan -9.694244783968195348e-03 nan -5.945578494362947254e-03 nan
1.065806791080880885e+03 1.099815840086353358e+00 nan 5.013899082168064847e-02 nan 5.514365631162865961e-02 nan 2.830078813396606385e+00 nan -9.938950175030094800e-03 nan -5.091404557805061584e-03 nan
1.126938197151791883e+03 1.403287139034842923e+00 nan 5.041752770480111001e-02 nan 7.075026821008027766e-02 nan 2.789830101087720671e+00 nan -9.844902289156371583e-03 nan -6.484395925822482483e-03 nan
1.191575913033710549e+03 1.896741963649366536e+00 nan 5.018775230617869565e-02 nan 9.519321586036939842e-02 nan 2.750374429202760318e+00 nan -9.509869377061129503e-03 nan -6.888469439702568989e-03 nan
1.259921049894872795e+03 2.675306205382534941e+00 nan 5.021942579600916640e-02 nan 1.343523414628110813e-01 nan 2.663338345913301097e+00 nan -1.058268917478558287e-02 nan -6.262120827793621336e-03 nan
1.332186254022819867e+03 4.180450443004339434e+00 nan 5.035530955453438456e-02 nan 2.105078761348739280e-01 nan 2.469903128601300679e+00 nan -1.058707321626419819e-02 nan -7.173187463595943891e-03 nan
1.408596368443429810e+03 7.162095745084962495e+00 nan 5.007423574221978729e-02 nan 3.586364707477336933e-01 nan 2.010826263546489301e+00 nan -1.120150828641392274e-02 nan -6.111479770761160148e-03 nan
1.489389132488399810e+03 8.244254874249973497e+00 nan 5.024474900869092125e-02 nan 4.142305169203666093e-01 nan 1.093678789900687676e+00 nan -9.866046465130824325e-03 nan -5.672014657880881244e-03 nan
1.574815921487757350e+03 5.500165005337088964e+00 nan 5.036019213497035935e-02 nan 2.769893664428160762e-01 nan 5.130473491365643568e-01 nan -9.996859827266611417e-03 nan -7.208661495008734411e-03 nan
1.665142528888871539e+03 3.802948563116048231e+00 nan 5.088342820043235265e-02 nan 1.935070601612528252e-01 nan 2.962911294146333141e-01 nan -9.759576532253655054e-03 nan -8.197564413830550623e-03 nan
1.760649993235402007e+03 2.968234096575678382e+00 nan 5.024938587244417304e-02 nan 1.491519404785769942e-01 nan 1.873288667933801221e-01 nan -1.041157983617079993e-02 nan -7.993686957160501746e-03 nan
1.861635472579237785e+03 2.431442124070565036e+00 nan 5.079954280187100324e-02 nan 1.235161482519948062e-01 nan 1.434265335897917382e-01 nan -1.006538365248297977e-02 nan -6.632301170295418560e-03 nan
1.968413169046005123e+03 2.114752217477124940e+00 nan 5.051242344522247768e-02 nan 1.068212594909277446e-01 nan 9.937924778056350661e-02 nan -1.098997615627526903e-02 nan -7.202012085437655906e-03 nan
2.081315306430815781e+03 1.871879078324024226e+00 nan 5.080892261427688572e-02 nan 9.510815923384928483e-02 nan 7.894008945984243297e-02 nan -1.069074738276018510e-02 nan -5.823926556537789047e-03 nan
2.200693163865922998e+03 1.730742681583416154e+00 nan 5.034544774930791583e-02 nan 8.713501524315495073e-02 nan 4.837319274348717002e-02 nan -9.943489653079597146e-03 nan -6.715786702404387756e-03 nan
2.326918168776362108e+03 1.592099205875763479e+00 nan 5.068735917225303950e-02 nan 8.069930428608365625e-02 nan 3.308950040129587933e-02 nan -1.005215343557280816e-02 nan -5.427462128222191630e-03 nan
2.460383052524181039e+03 1.488282577309903543e+00 nan 5.084007221980124669e-02 nan 7.566439371390742963e-02 nan 4.654454765881554934e-02 nan -1.158384726257354926e-02 nan -5.382496130144643828e-03 nan
2.601503072336879995e+03 1.386662892049514761e+00 nan 5.168515610519727049e-02 nan 7.166988804086348031e-02 nan 3.310688018415763878e-02 nan -1.118052533199907252e-02 nan -5.988519054635809205e-03 nan
2.750717303321900090e+03 1.343145024532539811e+00 nan 5.092490936553973474e-02 nan 6.839953863909523091e-02 nan 2.287420177291998868e-02 nan -9.623659999874776411e-03 nan -6.212136107859872122e-03 nan
2.908490004587125441e+03 1.298212574494059357e+00 nan 5.082254463765235181e-02 nan 6.597846651638590576e-02 nan 1.099660169752869621e-02 nan -9.168019100156424295e-03 nan -5.541716413214527182e-03 nan
3.075312063717827186e+03 1.252818040625501395e+00 nan 5.099389124995228756e-02 nan 6.388606691963512330e-02 nan 1.239353141242416356e-02 nan -9.607815047298889216e-03 nan -5.473886112248922686e-03 nan
3.251702524104409349e+03 1.218500114813931168e+00 nan 5.106447019526044045e-02 nan 6.222206279583741839e-02 nan 3.587023650847953604e-03 nan -1.025191292644907042e-02 nan -7.205886506539791771e-03 nan
3.438210199872957219e+03 1.176540064914141315e+00 nan 5.149624502556024441e-02 nan 6.058739546520717362e-02 nan 3.393197857999741274e-03 nan -9.514761049611969099e-03 nan -7.507075647589931539e-03 nan
3.635415383443257724e+03 1.148074906736981315e+00 nan 5.139663462677435818e-02 nan 5.900718650572867735e-02 nan 1.506829377031770889e-02 nan -9.791490230853015439e-03 nan -5.581970360510424799e-03 nan
3.843931651027108728e+03 1.129720747865364583e+00 nan 5.126549446930270953e-02 nan 5.791569275154836993e-02 nan -6.463622643328115203e-03 nan -1.028184845052146530e-02 nan -7.297211911300237157e-03 nan
4.064407771684449472e+03 1.114251414807787555e+00 nan 5.112171503261311867e-02 nan 5.696244330248970839e-02 nan -9.007152935156970130e-03 nan -8.881165491516416002e-03 nan -6.058154899364353446e-03 nan
4.297529725877133387e+03 1.091895080079611891e+00 nan 5.126771462716881583e-02 nan 5.597896536833118358e-02 nan -8.521442105653420640e-03 nan -9.296773593897290217e-03 nan -6.713132228071069102e-03 nan
4.544022839800691145e+03 1.077254183788494135e+00 nan 5.150408979969722800e-02 nan 5.548299621894214884e-02 nan 4.175739504521658318e-04 nan -9.958400246396170025e-03 nan -6.717926016306488210e-03 nan
4.804654042134871816e+03 1.068440099839377266e+00 nan 5.141511547865799947e-02 nan 5.493397111527046489e-02 nan 3.798758669782742459e-03 nan -1.045542777856926960e-02 nan -6.470282461576009128e-03 nan
5.080234250234424508e+03 1.059060615664199956e+00 nan 5.160374463270867018e-02 nan 5.465149356129459651e-02 nan 4.829573327497005408e-03 nan -9.366295128300372239e-03 nan -7.591622322590259320e-03 nan
5.371620893184476699e+03 1.045097656384246232e+00 nan 5.129161166864416171e-02 nan 5.360474314707087268e-02 nan -1.077434197017890227e-02 nan -1.015574991265843011e-02 nan -6.053972327224775400e-03 nan
5.679720579570627706e+03 1.039028463577657879e+00 nan 5.151629934011971168e-02 nan 5.352690135257129334e-02 nan -3.687385361542006024e-03 nan -1.107342378953844915e-02 nan -6.887930108687385054e-03 nan
6.005491918264122432e+03 1.030095011251631387e+00 nan 5.170798072151031044e-02 nan 5.326413298312330374e-02 nan -3.199160571948134191e-03 nan -9.748701136345253038e-03 nan -6.824657624953947566e-03 nan
6.349948500998655618e+03 1.038530252601500781e+00 nan 5.132478960353117903e-02 nan 5.330234671167411592e-02 nan -1.477443381135756795e-02 nan -1.074952653354787138e-02 nan -6.056322510310222298e-03 nan
6.714162056018550174e+03 1.023841575489360833e+00 nan 5.149393541795924817e-02 nan 5.272163196647079719e-02 nan -7.086101075955308914e-03 nan -1.105206105287262486e-02 nan -7.696519457041061871e-03 nan
7.099265782610603310e+03 1.009680363696645600e+00 nan 5.183374475463486258e-02 nan 5.233551425561882436e-02 nan 2.444292833049033220e-03 nan -1.046869342901522552e-02 nan -6.416351089515913604e-03 nan
7.506457876894370202e+03 1.009717378270463373e+00 nan 5.153836817761851818e-02 nan 5.203918599664284633e-02 nan -3.381373966186984603e-03 nan -1.183133105233682807e-02 nan -5.337458320819434172e-03 nan
7.937005259840992039e+03 9.980797743010675349e-01 nan 5.178039729953574227e-02 nan 5.168096724994024338e-02 nan -9.143614821764955991e-03 nan -1.120833176356917510e-02 nan -5.435057872524191001e-03 nan
8.392247519119742719e+03 1.004527304589686976e+00 nan 5.172835001755521356e-02 nan 5.196254001400663070e-02 nan 1.116884539491103112e-03 nan -1.146531343118109558e-02 nan -5.361011212465477231e-03 nan
8.873601077036753850e+03 9.976345130818544682e-01 nan 5.164478204587721194e-02 nan 5.152261698955721420e-02 nan -1.492269760963260694e-02 nan -1.082777721145676206e-02 nan -6.885854317590010994e-03 nan
9.382563597534001019e+03 1.004022739125848718e+00 nan 5.155268385782849072e-02 nan 5.176006685622588227e-02 nan 3.086528764218332554e-03 nan -1.055174252964283070e-02 nan -7.525683385035490496e-03 nan
9.920718645960092545e+03 9.903799677245018751e-01 nan 5.174671188486362761e-02 nan 5.124890684638033767e-02 nan -1.387502748635327521e-02 nan -9.781965971776327914e-03 nan -7.120302452864497866e-03 nan
1.048974061611135039e+04 9.861626950722695018e-01 nan 5.185486110343819760e-02 nan 5.113732957836480963e-02 nan -2.314755731092565938e-02 nan -9.734881238132592554e-03 nan -7.238451142655101186e-03 nan
1.109139993987274102e+04 1.000331634989235052e+00 nan 5.122727804775593224e-02 nan 5.124426680555983771e-02 nan 3.055263000206309698e-03 nan -9.934359332420119454e-03 nan -7.796988600140085553e-03 nan
1.172756859566785170e+04 9.933614022552095246e-01 nan 5.106732237338638264e-02 nan 5.072830696224592956e-02 nan -1.361530822379863892e-02 nan -9.013777866003640921e-03 nan -5.384289239050417050e-03 nan
1.240022593285666881e+04 9.709314438188080265e-01 nan 5.219464849569811077e-02 nan 5.067742542354334440e-02 nan -1.911943422983064522e-03 nan -1.107143490456570338e-02 nan -6.882700065181881870e-03 nan
1.311146483020289816e+04 9.786699340907879519e-01 nan 5.168289525959793990e-02 nan 5.058049569733181344e-02 nan -3.557435754021120999e-03 nan -1.031964368083708450e-02 nan -7.437302757264441927e-03 nan
1.386349820757212910e+04 9.984467238105071418e-01 nan 5.153246859708422029e-02 nan 5.145242444062658044e-02 nan -1.131580167126333691e-02 nan -1.032662749071943005e-02 nan -7.825917672836883374e-03 nan
1.465866591112085553e+04 9.778414592922900495e-01 nan 5.185298362546193751e-02 nan 5.070399717698092362e-02 nan 4.497854117597288592e-03 nan -9.564170751124190933e-03 nan -6.761640905967607543e-03 nan
1.549944199339910301e+04 9.765043319159538715e-01 nan 5.153380308069243493e-02 nan 5.032298194839988914e-02 nan -1.496132123304239059e-02 nan -9.799552352258641963e-03 nan -5.818408130320478974e-03 nan
1.638844241101709486e+04 9.648642303706703727e-01 nan 5.172960320996478761e-02 nan 4.991204378856283624e-02 nan -7.154109380415274444e-03 nan -1.070853954252565243e-02 nan -5.698336006744214588e-03 nan
1.732843316382660487e+04 9.838574826635877457e-01 nan 5.148952222321796085e-02 nan 5.065835171808608095e-02 nan -8.363785589911465479e-03 nan -1.041503829375101109e-02 nan -6.043575572572732965e-03 nan
1.832233890094079106e+04 9.586157457300851226e-01 nan 5.252457696248984814e-02 nan 5.035088651405445620e-02 nan 8.203140213355553101e-03 nan -1.011094204929026234e-02 nan -6.024197989891664530e-03 nan
1.937325202036868359e+04 9.837066254190521830e-01 nan 5.132419062291158213e-02 nan 5.048794636002851277e-02 nan -1.995445821494801208e-03 nan -9.145177455436621569e-03 nan -9.117900654928462120e-03 nan
2.048444229057719713e+04 9.832943635391077075e-01 nan 5.121890457347718500e-02 nan 5.036326017374754410e-02 nan -8.226828351474146928e-03 nan -1.047413226376838966e-02 nan -7.051403731520018529e-03 nan
2.165936702391600193e+04 9.969255068222218075e-01 nan 5.137806038739174685e-02 nan 5.122009889124323756e-02 nan -2.281874025848651399e-02 nan -9.791467597795915079e-03 nan -6.286689429709289671e-03 nan
2.290168183355902511e+04 9.903833061900361168e-01 nan 5.113415630110529353e-02 nan 5.064241477672672825e-02 nan -3.643223231994063838e-03 nan -9.174814561286928280e-03 nan -6.642954122275352563e-03 nan
2.421525200743103051e+04 9.993631859277007923e-01 nan 5.080446890942090510e-02 nan 5.077211590868369734e-02 nan -1.859977670995727195e-02 nan -1.026233645903843091e-02 nan -6.310019135460945457e-03 nan
2.560416453450775589e+04 9.617454981099758937e-01 nan 5.238314857788396728e-02 nan 5.037925732160589143e-02 nan 3.922989462865222876e-02 nan -9.713513645345211306e-03 nan -6.841824427234892252e-03 nan
2.707274082090768206e+04 9.784807238632811099e-01 nan 5.119792460214279278e-02 nan 5.009618232500236829e-02 nan -1.854156182285171539e-02 nan -8.696721536874995120e-03 nan -6.247186298880408328e-03 nan
2.862555013533980673e+04 9.505239520818654642e-01 nan 5.221776701722030678e-02 nan 4.963423827409833150e-02 nan -6.686223909122546161e-04 nan -9.780064428967085582e-03 nan -7.157623218034291253e-03 nan
3.026742382574102885e+04 9.720237042787951420e-01 nan 5.224331380069465597e-02 nan 5.078173940435071892e-02 nan 5.580009806696040187e-03 nan -8.823627822459604447e-03 nan -4.701523587265305816e-03 nan
3.200347035133626923e+04 9.690181434772187075e-01 nan 5.127132691466620984e-02 nan 4.968284602046340453e-02 nan 4.383367892207168381e-03 nan -1.083904119748445478e-02 nan -8.242067599801519706e-03 nan
3.383909117689113191e+04 9.763552296821607079e-01 nan 5.163444539397223781e-02 nan 5.041356079214275032e-02 nan -4.914115264772256353e-03 nan -9.845394215265113394e-03 nan -5.703713421950321050e-03 nan
3.577999757861070248e+04 9.892360132702286979e-01 nan 5.100627880109920298e-02 nan 5.045724789294915580e-02 nan 2.273313040729396661e-02 nan -9.405822532512863113e-03 nan -6.142712681422060096e-03 nan
3.783222841397252341e+04 9.684873420570714320e-01 nan 5.239120408811417939e-02 nan 5.074021799446727654e-02 nan -5.685625296751872781e-03 nan -8.547481752979615294e-03 nan -6.693810682112451282e-03 nan
4.000216891078303161e+04 9.624432776090185993e-01 nan 5.159662107670167502e-02 nan 4.965882110261132798e-02 nan 5.427689604495355979e-03 nan -1.028799551089390127e-02 nan -5.690167478299078610e-03 nan
4.229657053391608497e+04 9.529949685294524242e-01 nan 5.213255878976608831e-02 nan 4.968206622321295896e-02 nan 2.967674279966070472e-02 nan -9.870789185579974603e-03 nan -6.277385402986335183e-03 nan
4.472257199154752743e+04 9.732787686839812213e-01 nan 5.144487517730781528e-02 nan 5.007020476767125999e-02 nan 1.216137613008427820e-02 nan -9.246733100081736337e-03 nan -5.781057062503827670e-03 nan
4.728772144624200155e+04 9.630279024767716134e-01 nan 5.210953208148631777e-02 nan 5.018293337947980770e-02 nan 7.205245262221993130e-03 nan -1.036876170911053482e-02 nan -7.123636418474201502e-03 nan
4.999999999999999272e+04 9.518989987965269517e-01 nan 5.280380229825182986e-02 nan 5.026388654035566367e-02 nan 2.463031096654777485e-02 nan -1.008144543133003210e-02 nan -6.685649430643225179e-03 nan
