1.000000000000000000e+02 6.105854293932340138e-01 nan 4.996343124252551615e-02 nan 3.050694311917676732e-02 nan 5.421078243869050795e-01 nan -4.254596912589258748e-03 nan -1.297343730559952224e-03 nan
1.264855216855295765e+02 6.846082926124223977e-01 nan 4.996184212879502262e-02 nan 3.420429143556575485e-02 nan 5.136926477152989889e-01 nan -4.247478972345352516e-03 nan -1.415991424005208889e-03 nan
1.599858719606057207e+02 7.573100417733309442e-01 nan 4.996747191746894745e-02 nan 3.784086824512614827e-02 nan 4.679681550129313194e-01 nan -4.224076551105271880e-03 nan -1.293573324727410011e-03 nan
2.023589647725157477e+02 8.214811043304076632e-01 nan 4.995407423112048495e-02 nan 4.103632806518401482e-02 nan 4.107247504247504288e-01 nan -4.269195631307477583e-03 nan -1.227312856072505570e-03 nan
2.559547922699535718e+02 8.741695782727142428e-01 nan 4.997751497634139728e-02 nan 4.368882318998661834e-02 nan 3.485530720526766046e-01 nan -4.210838646428933553e-03 nan -1.367768566215015304e-03 nan
3.237457542817643343e+02 9.136232156651709069e-01 nan 4.999852762684917767e-02 nan 4.567981558896583305e-02 nan 2.885639557042054548e-01 nan -4.174926634933264630e-03 nan -1.255036333512799147e-03 nan
4.094915062380427457e+02 9.427372017861308517e-01 nan 5.000771008112844113e-02 nan 4.714412866961511378e-02 nan 2.363371342464555269e-01 nan -4.068934521097828695e-03 nan -1.430007287434087015e-03 nan
5.179474679231212804e+02 9.623615249833421537e-01 nan 4.998846956893841093e-02 nan 4.810697980594696305e-02 nan 1.897566274122346464e-01 nan -4.281046277395208523e-03 nan -1.337993209327375090e-03 nan
6.551285568595509403e+02 9.746613249303129889e-01 nan 5.003404742526666726e-02 nan 4.876625095513652253e-02 nan 1.506697758925854558e-01 nan -4.220854501046132114e-03 nan -1.253668403582005588e-03 nan
8.286427728546842673e+02 9.838957915998105541e-01 nan 4.999296466347392248e-02 nan 4.918786754199003242e-02 nan 1.191934754268313412e-01 nan -4.299535438959361210e-03 nan -1.352730497018769145e-03 nan
1.048113134154685213e+03 9.891689404324548462e-01 nan 5.000971938697223312e-02 nan 4.946806113733571986e-02 nan 9.209060781529565531e-02 nan -4.310877609608991176e-03 nan -1.334391546376081190e-03 nan
1.325711365590109608e+03 9.930749426662661694e-01 nan 4.998812648928807612e-02 nan 4.964195584734381467e-02 nan 7.029083257575452492e-02 nan -4.200600645743647436e-03 nan -1.206007432291002733e-03 nan
1.676832936811008267e+03 9.938109709068538855e-01 nan 5.000519350240546085e-02 nan 4.969570990501067514e-02 nan 5.286356352846244278e-02 nan -4.190491196058119573e-03 nan -1.355049452493242625e-03 nan
2.120950887920190326e+03 9.960477640615703621e-01 nan 5.007309768084065166e-02 nan 4.987519698463793727e-02 nan 3.720779851786026882e-02 nan -4.145947825380778134e-03 nan -1.392320188567242609e-03 nan
2.682695795279727463e+03 9.966937682437384538e-01 nan 4.993087422173010659e-02 nan 4.976579117976032141e-02 nan 2.430171964620120306e-02 nan -4.289153773079684012e-03 nan -1.355263445539081103e-03 nan
3.393221771895329766e+03 9.955557290686413152e-01 nan 5.015649489160002583e-02 nan 4.993358583933444478e-02 nan 1.239130859766834902e-02 nan -4.200672695601934473e-03 nan -1.388744626244688835e-03 nan
4.291934260128778078e+03 9.953311068674811635e-01 nan 5.013929851108572811e-02 nan 4.990520348459800970e-02 nan 1.046048782672226451e-03 nan -4.226992210544147817e-03 nan -1.378467952428509080e-03 nan
5.428675439323859791e+03 9.957571332958319310e-01 nan 5.005285114981968680e-02 nan 4.984048357422743436e-02 nan -9.883111121560261836e-03 nan -4.314650829019125652e-03 nan -1.361160855689750974e-03 nan
6.866488450042998011e+03 9.941524964439352186e-01 nan 5.024986084822839760e-02 nan 4.995602460822662350e-02 nan -2.030818917268639723e-02 nan -4.236037731477315139e-03 nan -1.335673204770027435e-03 nan
8.685113737513529486e+03 9.911707319314146947e-01 nan 5.025702520585546146e-02 nan 4.981329245798331307e-02 nan -3.172266316038196976e-02 nan -4.406753089052502584e-03 nan -1.425024002183184185e-03 nan
1.098541141987557239e+04 9.893486693977132651e-01 nan 5.027278469658281318e-02 nan 4.973731264648192929e-02 nan -4.558043620390428430e-02 nan -4.201004039182530854e-03 nan -1.272073810230543115e-03 nan
1.389495494373135989e+04 9.852324152445974814e-01 nan 5.028953818926878289e-02 nan 4.954688317174870543e-02 nan -5.911474145335660069e-02 nan -4.252639300789852125e-03 nan -1.336904044309002735e-03 nan
1.757510624854793059e+04 9.804266410611693905e-01 nan 5.038733896313331989e-02 nan 4.940108949163538737e-02 nan -7.780233905449618348e-02 nan -4.265714473744285432e-03 nan -1.465824410856100780e-03 nan
2.222996482526195541e+04 9.731733297122029391e-01 nan 5.046045806158590968e-02 nan 4.910677199059653580e-02 nan -9.566546974447787122e-02 nan -4.096200534195957796e-03 nan -1.123989091710245886e-03 nan
2.811768697974230963e+04 9.640341628072578439e-01 nan 5.051350529149058188e-02 nan 4.869674478414211249e-02 nan -1.180003195780008340e-01 nan -4.198939885719535532e-03 nan -1.214158517068039981e-03 nan
3.556480306223128719e+04 9.529490721233776496e-01 nan 5.042693419973089120e-02 nan 4.805430015566017343e-02 nan -1.433993347684245911e-01 nan -4.421653757477393525e-03 nan -1.561394224849675574e-03 nan
4.498432668969444057e+04 9.375774339367489718e-01 nan 5.047440892363991294e-02 nan 4.732366679810045412e-02 nan -1.727286692068528140e-01 nan -4.341789419017728913e-03 nan -1.535722707259141442e-03 nan
5.689866029018304835e+04 9.193269068047768000e-01 nan 5.068566524300346238e-02 nan 4.659669584719276086e-02 nan -2.076695932285703705e-01 nan -4.064421835529246838e-03 nan -1.233045065756432522e-03 nan
7.196856730011528998e+04 8.946225011284153483e-01 nan 5.070506275071888502e-02 nan 4.536189005792137796e-02 nan -2.516149664879168135e-01 nan -4.279175541095478832e-03 nan -1.339072121528620462e-03 nan
9.102981779915226798e+04 8.618209768932592052e-01 nan 5.098631862758063599e-02 nan 4.394107892781252273e-02 nan -2.983277202083796098e-01 nan -4.283556093306783302e-03 nan -1.440627140481681506e-03 nan
1.151395399326448096e+05 8.140104462606360114e-01 nan 5.079717852582520121e-02 nan 4.134943396058816945e-02 nan -3.512845076033315195e-01 nan -4.300714088621314900e-03 nan -1.324125953656517252e-03 nan
1.456348477501244342e+05 7.599400582250016578e-01 nan 5.066933325762804780e-02 nan 3.850565606602387309e-02 nan -3.953772445535888025e-01 nan -4.274752932934022288e-03 nan -1.443173042426880437e-03 nan
1.842069969326716382e+05 6.938566608181139239e-01 nan 5.102958623535797100e-02 nan 3.540721830819547333e-02 nan -4.285893367254192121e-01 nan -4.214100232706588511e-03 nan -1.251652745616645048e-03 nan
2.329951810515371908e+05 6.235696134412308522e-01 nan 5.078343091916942553e-02 nan 3.166700438748593083e-02 nan -4.536332086628425131e-01 nan -4.486433674101747253e-03 nan -1.402116534222684228e-03 nan
2.947051702551809722e+05 5.607851953124132205e-01 nan 5.073853637905999248e-02 nan 2.845342003319713958e-02 nan -4.477756445136087393e-01 nan -4.352105696150394484e-03 nan -1.438460937679054323e-03 nan
3.727593720314938109e+05 5.031285740623349101e-01 nan 5.063037755374171639e-02 nan 2.547358966285171583e-02 nan -4.115873924778044035e-01 nan -4.430165979203896584e-03 nan -1.273457961763155635e-03 nan
4.714866363457389525e+05 4.593258851727587411e-01 nan 5.004046890962963318e-02 nan 2.298488267637554400e-02 nan -3.665644484500263367e-01 nan -4.059934321866644734e-03 nan -1.033553198260147655e-03 nan
5.963623316594636999e+05 4.279283975417488839e-01 nan 5.016472060228265029e-02 nan 2.146690850046437116e-02 nan -2.860310889146910895e-01 nan -4.747973546284508899e-03 nan -1.763292958228537821e-03 nan
7.543120063354623271e+05 4.102336270121477169e-01 nan 5.010849069734460426e-02 nan 2.055618788287614032e-02 nan -2.099926416911030991e-01 nan -4.588952078692642121e-03 nan -1.401590648271824327e-03 nan
9.540954763499944238e+05 4.037993889015909499e-01 nan 4.957453310144873532e-02 nan 2.001816617144669061e-02 nan -1.240307352734237867e-01 nan -4.157137834408322803e-03 nan -1.505722303507099581e-03 nan
1.206792640639328863e+06 4.081874612022642346e-01 nan 4.925687486761998884e-02 nan 2.010603869897141863e-02 nan -5.700737136866473875e-02 nan -4.203876858935683483e-03 nan -1.717098461446294388e-03 nan
1.526417967175233411e+06 4.318919633698359850e-01 nan 4.925460613560881523e-02 nan 2.127266854891605996e-02 nan -1.387459835547355524e-02 nan -3.431281919299748306e-03 nan -9.172355370738938989e-04 nan
1.930697728883249685e+06 4.486954825722576645e-01 nan 4.847744608711365005e-02 nan 2.175161106592806218e-02 nan -6.809588325900062245e-03 nan -3.938855670638750917e-03 nan -5.558447636146152246e-04 nan
2.442053094548649620e+06 4.666899264198313690e-01 nan 4.811901894720514716e-02 nan 2.245666141186564158e-02 nan -3.367363335723672080e-02 nan -4.711815163205017483e-03 nan -1.607669142505924100e-03 nan
3.088843596477484796e+06 4.664272294138325226e-01 nan 4.686096605416880528e-02 nan 2.185723056430161071e-02 nan -6.662952100063357364e-02 nan -3.901572072958589543e-03 nan -7.513387013108885348e-04 nan
3.906939937054621056e+06 4.683539613565797510e-01 nan 4.543229595267967574e-02 nan 2.127839578296203057e-02 nan -8.426478890929045562e-02 nan -5.092153796703564536e-03 nan -1.818913864413149910e-03 nan
4.941713361323838122e+06 4.653315659640327451e-01 nan 4.324591733348083500e-02 nan 2.012369043433974436e-02 nan -1.118383827654527707e-01 nan -3.282967511279624023e-03 nan -7.204739401761426796e-04 nan
6.250551925273976289e+06 4.591779995813218274e-01 nan 4.010327945911688896e-02 nan 1.841454363868800723e-02 nan -1.680047363559307172e-01 nan -4.069091412969292818e-03 nan -5.245025118086011837e-04 nan
7.906043210907701403e+06 4.557678579252767981e-01 nan 3.634623829677562784e-02 nan 1.656544717216308985e-02 nan -2.179386058690160333e-01 nan -4.673315079721138479e-03 nan -1.048371542637673926e-03 nan
1.000000000000000000e+07 4.442074823414867701e-01 nan 3.203197501630072885e-02 nan 1.422884297641635078e-02 nan -2.881584016444524998e-01 nan -4.351657255454851811e-03 nan -7.886858525049635560e-04 nan
