*Frequency 	VF1-abs (dB)	VF1-phase (deg)
10	-1.87457718145432E-6	-0.0297011664185791
10.115794542599	-1.91824568894362E-6	-0.0300451172016716
10.2329299228075	-1.96293155464492E-6	-0.0303930517130623
10.3514216667934	-2.00865848367717E-6	-0.0307450161160991
10.471285480509	-2.05545073854162E-6	-0.0311010571098693
10.5925372517729	-2.10333313912184E-6	-0.0314612219354455
10.7151930523761	-2.15233109354223E-6	-0.0318255583822045
10.839269140212	-2.20247059334647E-6	-0.0321941147942218
10.9647819614318	-2.25377823857007E-6	-0.0325669400767406
11.091748152624	-2.30628125509833E-6	-0.0329440837027186
11.2201845430196	-2.36000749273772E-6	-0.0333255957194511
11.3501081567232	-2.41498546378906E-6	-0.0337115267552737
11.4815362149688	-2.47124433340434E-6	-0.0341019280263433
11.6144861384034	-2.52881395044518E-6	-0.0344968513435005
11.7489755493953	-2.58772486676957E-6	-0.0348963491192127
11.8850222743702	-2.6480083362675E-6	-0.0353004743746
12.0226443461741	-2.70969634764826E-6	-0.035709280746544
12.1618600064637	-2.77282163119076E-6	-0.0361228224948823
12.3026877081238	-2.83741768574481E-6	-0.0365411545096869
12.4451461177139	-2.90351878741016E-6	-0.0369643323186305
12.5892541179417	-2.97116001653775E-6	-0.0373924120944396
12.7350308101666	-3.04037726062278E-6	-0.0378254506624372
12.8824955169313	-3.11120725577094E-6	-0.038263505508175
13.031667784523	-3.18368758766278E-6	-0.0387066347851559
13.1825673855641	-3.2578567233767E-6	-0.0391548973226504
13.3352143216332	-3.33375402296092E-6	-0.0396083526336045
13.4896288259165	-3.41141976450621E-6	-0.0400670609226435
13.6458313658892	-3.4908951711471E-6	-0.0405310830941706
13.8038426460288	-3.57222242263401E-6	-0.0410004807605631
13.9636836105594	-3.65544468040586E-6	-0.0414753162504663
14.1253754462275	-3.74060611748441E-6	-0.0419556526171871
14.288939585111	-3.82775193679661E-6	-0.042441553647188
14.4543977074593	-3.91692839238998E-6	-0.0429330838686837
14.6217717445672	-4.00818281932693E-6	-0.0434303085603402
14.7910838816821	-4.10156365779312E-6	-0.0439332937600788
14.9623565609443	-4.19712047527721E-6	-0.0444421062739865
15.1356124843621	-4.29490400032247E-6	-0.0449568136853332
15.3108746168203	-4.39496613892057E-6	-0.0454774843636979
15.4881661891248	-4.49736001308493E-6	-0.0460041874742047
15.6675107010815	-4.6021399820661E-6	-0.0465369929868709
15.8489319246111	-4.7093616732105E-6	-0.0470759716860676
16.0324539069004	-4.81908201281914E-6	-0.0476211951800952
16.2181009735893	-4.93135925989935E-6	-0.0481727359108746
16.4058977319954	-5.04625302159428E-6	-0.048730667163756
16.5958690743756	-5.16382430718553E-6	-0.049295063077447
16.7880401812256	-5.28413554352268E-6	-0.0498659986540611
16.9824365246174	-5.40725061841834E-6	-0.0504435497692883
17.1790838715759	-5.53323490668533E-6	-0.0510277931826897
17.3780082874938	-5.66215531546039E-6	-0.0516188065481183
17.5792361395869	-5.7940803063841E-6	-0.0522166684242655
17.7827941003892	-5.92907994188893E-6	-0.0528214582853376
17.9887091512879	-6.06722592280845E-6	-0.053433256531863
18.1970085860998	-6.20859162405784E-6	-0.054052144501631
18.4077200146896	-6.35325212259979E-6	-0.0546782044807651
18.6208713666287	-6.50128426591226E-6	-0.055311519714933
18.836490894898	-6.65276668452516E-6	-0.0559521744206929
19.0546071796325	-6.80777984602319E-6	-0.0566002537969809
19.2752491319094	-6.96640610036977E-6	-0.0572558440367396
19.4984459975805	-7.12872971848065E-6	-0.0579190323386899
19.7242273611485	-7.29483694044089E-6	-0.0585899069192483
19.9526231496888	-7.4648160198645E-6	-0.0592685570245931
20.1836636368156	-7.63875727211142E-6	-0.0599550729428777
20.4173794466953	-7.81675312443321E-6	-0.0606495460165982
20.6538015581053	-7.99889816129717E-6	-0.0613520686551131
20.8929613085404	-8.18528917260333E-6	-0.0620627343473192
21.1348903983665	-8.37602521829524E-6	-0.0627816376744862
21.3796208950223	-8.57120766789813E-6	-0.0635088743232515
21.6271852372702	-8.77094026030805E-6	-0.0642445410987768
21.8776162394955	-8.97532916165236E-6	-0.064988735938071
22.1309470960564	-9.18448301350704E-6	-0.0657415579234792
22.3872113856834	-9.39851300329349E-6	-0.0665031072963425
22.6464430759306	-9.61753290960295E-6	-0.0672734854708284
22.9086765276777	-9.84165918223673E-6	-0.068052795047938
23.1739464996848	-1.00710109836733E-5	-0.0688411398296881
23.4422881531992	-1.03057102642871E-5	-0.0696386248334744
23.7137370566166	-1.05458818298524E-5	-0.070445356306617
23.9883291901949	-1.07916534013332E-5	-0.0712614417410904
24.2661009508242	-1.10431556881732E-5	-0.0720869898884416
24.5470891568503	-1.1300522458693E-5	-0.0729221107748986
24.8313310529557	-1.15638906075948E-5	-0.0737669157166727
25.1188643150958	-1.18334002331095E-5	-0.0746215173354564
25.409727055493	-1.21091947093236E-5	-0.075486029574121
25.7039578276886	-1.23914207700766E-5	-0.0763605677126167
26.0015956316527	-1.26802285783949E-5	-0.0772452483840768
26.3026799189538	-1.29757718152112E-5	-0.078140189591132
26.6072505979881	-1.32782077545844E-5	-0.0790455107224347
26.9153480392692	-1.35876973553123E-5	-0.0799613325693993
27.2270130807791	-1.39044053448304E-5	-0.0808877773431604
27.5422870333817	-1.42285003088966E-5	-0.0818249686917517
27.8612116862977	-1.45601547725966E-5	-0.0827730317175114
28.1838293126445	-1.48995453122088E-5	-0.0837320929947149
28.5101826750391	-1.52468526352454E-5	-0.0847022805874407
28.8403150312661	-1.56022616817098E-5	-0.0856837240676702
29.1742701400117	-1.59659617301752E-5	-0.0866765545336303
29.5120922666639	-1.63381464874701E-5	-0.0876809046283758
29.8538261891796	-1.67190142015073E-5	-0.0886969085586216
30.1995172040202	-1.71087677731493E-5	-0.0897247021138254
30.5492111321551	-1.75076148526442E-5	-0.0907644226855259
30.9029543251359	-1.79157679620987E-5	-0.09181620928694
31.2607936712395	-1.83334446063796E-5	-0.092880202572825
31.6227766016838	-1.87608673917296E-5	-0.0939565448596081
31.988951096914	-1.91982641501697E-5	-0.0950453801457885
32.3593656929628	-1.9645868048472E-5	-0.0961468541326176
32.7340694878838	-2.01039177366712E-5	-0.09726111424506
33.1131121482591	-2.05726574599303E-5	-0.0983883096530422
33.4965439157828	-2.10523371945161E-5	-0.0995285912929917
33.8844156139203	-2.15432127914888E-5	-0.100682111889674
34.276778654645	-2.20455461020697E-5	-0.101849025978328
34.6736850452532	-2.25596051348325E-5	-0.103029489927115
35.0751873952568	-2.30856641887855E-5	-0.104223661959871
35.4813389233575	-2.36240040095994E-5	-0.105431702179184
35.8921934645005	-2.41749119410124E-5	-0.10665377258979
36.3078054770101	-2.47386820791299E-5	-0.1078900371223
36.7282300498085	-2.53156154334734E-5	-0.109140661657262
37.1535229097173	-2.59060200928523E-5	-0.110405814049561
37.5837404288444	-2.65102113979864E-5	-0.111685664153173
38.0189396320561	-2.71285120938771E-5	-0.112980383846261
38.4591782045354	-2.77612525313607E-5	-0.114290147056643
38.9045144994281	-2.8408770835874E-5	-0.115615129787615
39.3550075455777	-2.90714130868284E-5	-0.116955510144158
39.8107170553497	-2.97495335153069E-5	-0.118311468359516
40.2717034325459	-3.04434946969394E-5	-0.119683186822167
40.7380277804113	-3.11536677457429E-5	-0.121070850103184
41.209751909733	-3.18804325301422E-5	-0.122474644984004
41.6869383470335	-3.26241778590963E-5	-0.123894760484599
42.1696503428582	-3.33853017202996E-5	-0.125331387892072
42.6579518801593	-3.41642114836677E-5	-0.126784720789673
43.1519076827765	-3.49613241260385E-5	-0.128254955086251
43.6515832240166	-3.57770664693757E-5	-0.129742289046151
44.1570447353313	-3.66118754093283E-5	-0.131246923319557
44.6683592150963	-3.74661981582568E-5	-0.1327690609733
45.1855944374922	-3.83404924844022E-5	-0.13430890752213
45.7088189614875	-3.92352269848075E-5	-0.135866670960473
46.238102139926	-4.01508813235241E-5	-0.137442561794673
46.7735141287198	-4.10879465074278E-5	-0.139036793075729
47.3151258961481	-4.20469251533568E-5	-0.14064958043255
47.8630092322638	-4.3028331773573E-5	-0.142281142105716
48.4172367584099	-4.40326930583306E-5	-0.143931698981787
48.9778819368446	-4.50605481642328E-5	-0.145601474628129
49.545019080479	-4.61124490209107E-5	-0.147290695328319
50.1187233627272	-4.7188960634811E-5	-0.14899959011809
50.6990708274704	-4.82906614084137E-5	-0.15072839082187
51.2861383991365	-4.94181434517369E-5	-0.152477332089899
51.8800038928961	-5.05720129324153E-5	-0.154246651435953
52.4807460249772	-5.17528903929938E-5	-0.15603658927568
53.0884444230988	-5.29614111222235E-5	-0.157847388965562
53.7031796370253	-5.41982254887523E-5	-0.159679296842522
54.3250331492433	-5.54639993220671E-5	-0.161532562264185
54.9540873857625	-5.67594142770455E-5	-0.163407437649815
55.5904257270404	-5.80851682303312E-5	-0.165304178521924
56.2341325190349	-5.94419756583896E-5	-0.167223043548598
56.8852930843842	-6.08305680570307E-5	-0.169164294586532
57.5439937337157	-6.22516943387547E-5	-0.171128196724798
58.2103217770871	-6.37061212715662E-5	-0.173115018329366
58.8843655355589	-6.51946339062177E-5	-0.175125031088396
59.566214352901	-6.67180360208141E-5	-0.177158510058306
60.2559586074358	-6.8277150583741E-5	-0.179215733710657
60.9536897240169	-6.98728202214183E-5	-0.181296983979851
61.6595001861482	-7.15059076928052E-5	-0.183402546311679
62.3734835482419	-7.31772963957324E-5	-0.185532709712731
63.0957344480193	-7.48878908578059E-5	-0.187687766800685
63.8263486190549	-7.66386172610676E-5	-0.189868013855509
64.5654229034655	-7.84304239869078E-5	-0.19207375087159
65.3130552647473	-8.02642821368745E-5	-0.194305281610806
66.0693448007596	-8.21411861200237E-5	-0.196562913656579
66.8343917568615	-8.40621542026648E-5	-0.198846958468932
67.6082975391982	-8.60282291198276E-5	-0.201157731440552
68.3911647281429	-8.80404786597303E-5	-0.203495551953919
69.1830970918936	-9.0099996304185E-5	-0.205860743439507
69.9841996002273	-9.22079018526124E-5	-0.208253633435082
70.7945784384138	-9.436534207692E-5	-0.210674553646137
71.6143410212902	-9.65734913966365E-5	-0.213123840007488
72.443596007499	-9.88335525694801E-5	-0.215601832746061
73.2824533138904	-0.000101146757380968	-0.218108876444899
74.1310241300918	-0.000103514367395747	-0.220645320108426
74.9894209332456	-0.000105937674682899	-0.223211517228999
75.8577575029184	-0.000108418002582708	-0.225807825854776
76.7361489361819	-0.000110956706502376	-0.228434608658952
77.6247116628692	-0.000113555174708841	-0.231092233010379
78.5235634610072	-0.000116214829158256	-0.233781071045624
79.4328234724282	-0.000118937126355364	-0.23650149974249
80.3526122185618	-0.000121723558216744	-0.239253900995061
81.2830516164099	-0.000124575652962018	-0.242038661690283
82.2242649947071	-0.000127494976052337	-0.244856173786154
83.1763771102671	-0.000130483131110539	-0.247706834391546
84.1395141645195	-0.000133541760917507	-0.250591045847719
85.1138038202377	-0.000136672548389244	-0.25350921581156
86.0993752184601	-0.000139877217614718	-0.256461757340612
87.0963589956081	-0.000143157534905286	-0.259449088979935
88.1048873008014	-0.000146515309873059	-0.262471634850844
89.1250938133746	-0.000149952396549785	-0.265529824741604
90.1571137605957	-0.000153470694522131	-0.2686240942001
91.2010839355909	-0.000157072150112314	-0.271754884628579
92.2571427154763	-0.000160758757586697	-0.274922643380494
93.3254300796991	-0.000164532560390449	-0.278127823859533
94.4060876285923	-0.000168395652432361	-0.281370885620881
95.4992586021436	-0.000172350179393784	-0.28465229447479
96.6050878989813	-0.000176398340075197	-0.287972522592534
97.7237220955811	-0.000180542387793906	-0.291332048614796
98.8553094656939	-0.000184784631799107	-0.29473135776259
100	-0.00018912743875256	-0.298170941950768
101.15794542599	-0.000193573234236274	-0.301651299904214
102.329299228075	-0.000198124504301684	-0.305172937276788
103.514216667934	-0.000202783797076713	-0.30873636677312
104.71285480509	-0.000207553724411426	-0.312342108273328
105.925372517729	-0.000212436963567113	-0.315990688960757
107.151930523761	-0.000217436258966144	-0.31968264345285
108.39269140212	-0.000222554423987183	-0.323418513935206
109.647819614319	-0.000227794342812498	-0.327198850298979
110.91748152624	-0.000233158972332209	-0.331024210281681
112.201845430196	-0.000238651344104488	-0.334895159611517
113.501081567231	-0.000244274566375591	-0.338812272155366
114.815362149688	-0.000250031826159716	-0.342776130070519
116.144861384034	-0.000255926391379644	-0.346787323960288
117.489755493953	-0.000261961613083614	-0.350846453033633
118.850222743702	-0.000268140927703701	-0.354954125268915
120.226443461741	-0.000274467859417422	-0.359110957581931
121.618600064637	-0.0002809460225605	-0.36331757599834
123.026877081238	-0.000287579124104296	-0.367574615830674
124.451461177138	-0.00029437096625093	-0.371882721860026
125.892541179417	-0.000301325449055465	-0.376242548522634
127.350308101666	-0.000308446573182195	-0.380654760101465
128.824955169313	-0.000315738442698602	-0.385120030923007
130.31667784523	-0.000323205268003415	-0.38963904555944
131.825673855641	-0.000330851368815495	-0.394212499036349
133.352143216332	-0.00033868117726791	-0.39884109704618
134.896288259165	-0.00034669924111394	-0.403525556167651
136.458313658892	-0.000354910227006453	-0.408266604091281
138.038426460289	-0.000363318923922027	-0.4130649798513
139.636836105594	-0.000371930246660361	-0.417921434064115
141.253754462275	-0.000380749239485556	-0.422836729173598
142.88939585111	-0.000389781079876456	-0.4278116397034
144.543977074593	-0.00039903108239474	-0.432846952516565
146.217717445672	-0.00040850470268139	-0.437943467082696
147.910838816821	-0.000418207541619138	-0.44310199575292
149.623565609443	-0.000428145349577004	-0.44832336404296
151.356124843621	-0.000438324030858441	-0.453608410924586
153.108746168203	-0.000448749648251837	-0.45895798912575
154.881661891248	-0.000459428427765353	-0.464372965439707
156.675107010815	-0.000470366763522955	-0.469854221043479
158.489319246111	-0.000481571222808157	-0.475402651825962
160.324539069004	-0.000493048551302726	-0.481019168726058
162.181009735893	-0.000504805678518446	-0.486704698081186
164.058977319954	-0.000516849723372751	-0.492460181986562
165.958690743756	-0.000529188000026866	-0.498286578665637
167.880401812256	-0.000541828023872666	-0.504184862852127
169.824365246174	-0.000554777517769537	-0.510156026184034
171.790838715759	-0.000568044418487834	-0.51620107761016
173.780082874938	-0.000581636883399472	-0.522321043809525
175.792361395869	-0.000595563297394439	-0.528516969624233
177.827941003892	-0.000609832280060861	-0.534789918506257
179.887091512879	-0.000624452693131524	-0.541140972978696
181.970085860998	-0.000639433648199775	-0.547571235112061
184.077200146896	-0.000654784514719265	-0.554081827016148
186.208713666287	-0.000670514928317479	-0.560673891348141
188.36490894898	-0.000686634799407615	-0.567348591837532
190.546071796325	-0.000703154322127788	-0.574107113828551
192.752491319094	-0.000720083983637461	-0.580950664840783
194.984459975805	-0.00073743457374704	-0.587880475148675
197.242273611485	-0.000755217194937534	-0.594897798380714
199.526231496888	-0.000773443272761652	-0.602003912139028
201.836636368156	-0.000792124566649499	-0.609200118640257
204.173794466953	-0.000811273181136268	-0.616487745378524
206.538015581053	-0.000830901577558252	-0.623868145811419
208.929613085404	-0.000851022586165145	-0.631342700069926
211.348903983665	-0.000871649418776916	-0.63891281569327
213.796208950223	-0.000892795681906244	-0.646579928389703
216.271852372702	-0.000914475390429479	-0.654345502824312
218.776162394955	-0.000936702981818718	-0.662211033434959
221.309470960564	-0.000959493330954348	-0.670178045277524
223.872113856834	-0.000982861765547021	-0.678248094901695
226.464430759306	-0.00100682408220194	-0.686422771258564
229.086765276777	-0.00103139656317565	-0.694703696641413
231.739464996848	-0.00105659599380125	-0.703092527661058
234.422881531992	-0.0010824396806893	-0.711590956257277
237.137370566166	-0.00110894547067821	-0.720200710747823
239.883291901949	-0.00113613177063188	-0.728923556916701
242.661009508242	-0.00116401756804876	-0.737761299143378
245.470891568503	-0.00119262245261859	-0.746715781574718
248.313310529557	-0.00122196663868627	-0.755788889341545
251.188643150958	-0.00125207098872434	-0.764982549821786
254.09727055493	-0.00128295703785179	-0.774298733952257
257.039578276886	-0.00131464701943779	-0.783739457591303
260.015956316527	-0.00134716389186492	-0.793306782934536
263.026799189538	-0.00138053136651752	-0.803002819986081
266.072505979881	-0.00141477393702128	-0.812829728087906
269.153480392691	-0.00144991690985307	-0.822789717509796
272.270130807791	-0.00148598643635672	-0.832885051102859
275.422870333817	-0.00152300954625372	-0.843118046019437
278.612116862977	-0.00156101418271847	-0.853491075502561
281.838293126445	-0.00160002923912444	-0.864006570748163
285.101826750391	-0.00164008459753674	-0.874667022843528
288.403150312661	-0.00168121116903029	-0.885474984785547
291.742701400117	-0.00172344093599225	-0.896433073582634
295.120922666638	-0.00176680699643689	-0.907543972444265
298.538261891796	-0.00181134361052317	-0.918810433062461
301.995172040202	-0.00185708624935178	-0.930235277989562
305.492111321551	-0.00190407164618352	-0.941821403117155
309.029543251359	-0.00195233785023598	-0.953571780261017
312.607936712396	-0.00200192428315426	-0.965489459857405
316.227766016838	-0.00205287179840129	-0.977577573776216
319.88951096914	-0.00210522274363286	-0.989839338256934
323.593656929628	-0.00215902102631837	-1.00227805697352
327.340694878838	-0.00221431218274589	-1.01489712423489
331.131121482591	-0.0022711434506542	-1.02770002832786
334.965439157828	-0.00232956384566535	-1.04069035501
338.844156139202	-0.00238962424179609	-1.05387179116011
342.76778654645	-0.00245137745626057	-1.06724812859472
346.736850452532	-0.00251487833883501	-1.08082326805919
350.751873952568	-0.00258018386609523	-1.09460122340284
354.813389233575	-0.00264735324078075	-1.10858612594792
358.921934645005	-0.00271644799666478	-1.1227822290629
363.078054770101	-0.00278753210922275	-1.13719391295114
367.282300498084	-0.00286067211252526	-1.15182568966675
371.535229097173	-0.0029359372226984	-1.16668220837026
375.837404288444	-0.00301339946843366	-1.18176826083729
380.189396320561	-0.00309313382896385	-1.19708878723458
384.591782045354	-0.00317521838002831	-1.21264888217826
389.045144994281	-0.00325973444832798	-1.22845380109069
393.550075455777	-0.00334676677506728	-1.2445089668727
398.107170553497	-0.00343640368918245	-1.26081997690981
402.717034325459	-0.00352873729092109	-1.27739261043163
407.380277804113	-0.00362386364645231	-1.29423283624527
412.09751909733	-0.00372188299434361	-1.3113468208651
416.869383470335	-0.00382289996465206	-1.32874093706229
421.696503428582	-0.00392702381154764	-1.34642177285963
426.579518801593	-0.00403436866044596	-1.36439614099863
431.519076827765	-0.00414505377070111	-1.3826710889078
436.515832240166	-0.00425920381489189	-1.40125390920324
441.570447353312	-0.00437694917604773	-1.4201521507546
446.683592150963	-0.00449842626398081	-1.4393736303521
451.855944374923	-0.0046237778523114	-1.45892644501275
457.088189614875	-0.00475315343754846	-1.47881898496665
462.38102139926	-0.00488670962206414	-1.49905994736746
467.735141287198	-0.00502461052265319	-1.5196583507742
473.151258961481	-0.00516702820670536	-1.54062355045522
478.630092322638	-0.00531414315814153	-1.56196525456894
484.172367584099	-0.00546614477541452	-1.58369354128025
489.778819368446	-0.00562323190412108	-1.6058188768759
495.45019080479	-0.00578561340701194	-1.62835213494719
501.187233627272	-0.00595350877437489	-1.65130461671375
506.990708274704	-0.00612714877811447	-1.67468807256787
512.861383991365	-0.00630677617314532	-1.69851472492541
518.800038928961	-0.00649264644993563	-1.72279729247619
524.807460249773	-0.00668502864260269	-1.7475490159345
530.884444230988	-0.00688420619723883	-1.77278368539851
537.031796370253	-0.00709047790557908	-1.79851566943663
543.250331492433	-0.00730415890973436	-1.82475994602889
549.540873857625	-0.00752558178419929	-1.85153213550207
555.904257270404	-0.00775509770194023	-1.87884853560962
562.341325190349	-0.00799307769212438	-1.90672615892053
568.852930843841	-0.00823991399770309	-1.93518277269549
575.439937337157	-0.008496021542124	-1.96423694144502
582.103217770871	-0.00876183951508984	-1.99390807238159
588.843655355589	-0.0090378330886131	-2.024216463997
595.66214352901	-0.00932449527567084	-2.05518335801785
602.559586074358	-0.00962234894502951	-2.08683099501541
609.53689724017	-0.00993194900754462	-2.11918267397213
616.595001861482	-0.0102538847904655	-2.15226281613622
623.734835482419	-0.0105887826187037	-2.18609703352745
630.957344480193	-0.0109373086235299	-2.22071220249302
638.263486190548	-0.0113001718020971	-2.25613654275164
645.654229034656	-0.0116781273533778	-2.29239970240814
653.130552647472	-0.012071980319479	-2.32953284946945
660.693448007596	-0.0124825895644427	-2.36756877044778
668.343917568615	-0.0129108721267611	-2.4065419766972
676.082975391982	-0.0133578079859868	-2.44648881919851
683.91164728143	-0.0138244452889275	-2.48744761258302
691.830970918936	-0.0143119060866534	-2.52945876927156
699.841996002274	-0.0148213926398321	-2.57256494470137
707.945784384138	-0.0153541943575221	-2.61681119472066
716.143410212902	-0.0159116954428776	-2.66224514635329
724.43596007499	-0.0164953833288736	-2.70891718327218
732.824533138904	-0.0171068579986089	-2.7568806474757
741.310241300917	-0.017747842297152	-2.80619205883618
749.894209332456	-0.0184201933569566	-2.85691135438883
758.577575029184	-0.0191259152759886	-2.90910214945444
767.361489361819	-0.0198671732072077	-2.96283202294646
776.247116628692	-0.0206463090414496	-3.01817282950497
785.235634610071	-0.0214658588918559	-3.07520104143414
794.328234724282	-0.0223285726197437	-3.13399812380139
803.526122185617	-0.0232374356775486	-3.19465094649373
812.830516164099	-0.0241956935875177	-3.25725223752939
822.242649947071	-0.0252068794241881	-3.32190108250024
831.76377110267	-0.026274844728191	-3.38870347568678
841.395141645196	-0.0274037943473954	-3.4577729291575
851.138038202376	-0.0285983257842124	-3.52923114705534
860.993752184601	-0.0298634737245868	-3.60320877330871
870.963589956081	-0.0312047605403496	-3.67984622220833
881.048873008014	-0.0326282536946391	-3.7592946026942
891.250938133746	-0.0341406311456075	-3.8417167488384
901.571137605957	-0.0357492560423003	-3.92728837093262
912.01083935591	-0.0374622622458908	-4.01619934384931
922.571427154763	-0.0392886524992196	-4.10865515200888
933.254300796991	-0.04123841141862	-4.20487851343269
944.060876285923	-0.0433226359101236	-4.30511120908981
954.992586021435	-0.0455536861352984	-4.40961614817954
966.050878989814	-0.0479453607939578	-4.51867970527356
977.23722095581	-0.0505131012834873	-4.63261437156046
988.553094656939	-0.0532742302735229	-4.75176177001529
1000	-0.0562482314551661	-4.87649609343606
1011.5794542599	-0.0594570787459596	-5.00722803530534
1023.29299228075	-0.0629256251444935	-5.14440929677951
1035.14216667934	-0.0666820638423692	-5.28853776933189
1047.1285480509	-0.070758477262701	-5.44016351237485
1059.25372517729	-0.0751914936003132	-5.59989566942374
1071.51930523761	-0.0800230754525375	-5.76841049615251
1083.9269140212	-0.0853014715987011	-5.94646071042615
1096.47819614319	-0.0910823713955375	-6.13488641985624
1109.1748152624	-0.0974303122509775	-6.33462793888529
1122.01845430196	-0.104420405120958	-6.54674087775225
1135.01081567232	-0.112140462189668	-6.77241397360414
1148.15362149688	-0.120693636581502	-7.01299024419121
1161.44861384034	-0.130201718579271	-7.26999218292243
1174.89755493953	-0.140809279888916	-7.54515188800978
1188.50222743702	-0.152688922042148	-7.84044723717785
1202.26443461741	-0.166047974397778	-8.15814549401708
1216.18600064637	-0.181137112155995	-8.50085607529385
1230.26877081238	-0.198261541337114	-8.87159463383631
1244.51461177139	-0.217795649819114	-9.27386113053835
1258.92541179417	-0.240202387828152	-9.71173518487781
1273.50308101666	-0.266059173945393	-10.1899926878783
1288.24955169313	-0.29609291139864	-10.7142483662917
1303.1667784523	-0.331227882475233	-11.2911295247322
1318.25673855641	-0.37265208743663	-11.9284861559431
1333.52143216332	-0.421910365977682	-12.6356411085828
1348.96288259165	-0.481036968774603	-13.4236791394662
1364.58313658893	-0.552747097870813	-14.30576143746
1380.38426460288	-0.640717902503923	-15.2974240738087
1396.36836105594	-0.750007128201393	-16.4167566009765
1412.53754462275	-0.887686306215206	-17.6842212614486
1428.8939585111	-1.06381147579682	-19.1215772733039
1445.43977074593	-1.29292625835326	-20.7487245263852
1462.17717445672	-1.59639455192403	-22.5758359635794
1479.10838816821	-2.00596926528838	-24.5848923645375
1496.23565609443	-2.56896391316177	-26.6873143357925
1513.56124843621	-3.35451512651207	-28.6274514308842
1531.08746168203	-4.45582876584973	-29.7644808389716
1548.81661891248	-5.96283853438175	-28.6030210047546
1566.75107010815	-7.79851383631888	-22.0625867255195
1584.89319246111	-9.19550671536173	-6.64379878988182
1603.24539069004	-8.80995263323224	12.5747109758788
1621.81009735893	-7.10566702720603	24.3685960313065
1640.58977319954	-5.38820297149414	28.4091173222896
1659.58690743756	-4.0644000624928	28.5432054482473
1678.80401812256	-3.10812517272996	27.116125980008
1698.24365246174	-2.42275923666732	25.1912452032723
1717.90838715759	-1.92621841020289	23.2144951991625
1737.80082874938	-1.56023968787862	21.3594240703408
1757.92361395869	-1.28534857806764	19.6820719562128
1778.27941003892	-1.07499514766147	18.1891347615721
1798.87091512879	-0.911183206244325	16.8679330719102
1819.70085860998	-0.781542084927575	15.699502313261
1840.77200146896	-0.677426932820307	14.6641611899135
1862.08713666287	-0.592692609222082	13.7437155035768
1883.6490894898	-0.522897093027501	12.9221687602352
1905.46071796325	-0.464777678956519	12.1857900876611
1927.52491319094	-0.415901526048262	11.5229267478123
1949.84459975805	-0.37442891372687	10.9237355697684
1972.42273611485	-0.338950359905839	10.3799090172433
1995.26231496888	-0.308372856404843	9.88442597888432
2018.36636368156	-0.281839253410118	9.43133659593225
2041.73794466953	-0.258670344015111	9.01558137255785
2065.38015581053	-0.238322713025384	8.63284120752115
2089.29613085404	-0.220357682002803	8.27941392439655
2113.48903983665	-0.204418164985864	7.95211289632986
2137.96208950223	-0.190211232739638	7.64818383138236
2162.71852372702	-0.177494843782331	7.36523637062756
2187.76162394955	-0.166067649852208	7.10118772484599
2213.09470960564	-0.155761093146383	6.8542160902004
2238.72113856834	-0.146433228358918	6.62272201100275
2264.64430759306	-0.137963854717501	6.40529621579706
2290.86765276777	-0.130250651465218	6.20069273893556
2317.39464996848	-0.12320608831246	6.00780637209096
2344.22881531992	-0.116754938933354	5.82565367472804
2371.37370566166	-0.110832267194183	5.6533569205924
2398.83291901949	-0.105381786480599	5.49013047492628
2426.61009508242	-0.100354515451544	5.33526919245096
2454.70891568503	-0.0957076707237805	5.18813850026479
2483.13310529557	-0.0914037500961763	5.04816589206072
2511.88643150958	-0.0874097698352675	4.91483360793774
2540.97270554931	-0.0836966271979349	4.78767231424976
2570.39578276886	-0.080238565293117	4.66625562940877
2600.15956316527	-0.0770127219606492	4.55019536806058
2630.26799189538	-0.0739987479551761	4.43913739747158
2660.72505979881	-0.0711784825574924	4.33275801670624
2691.53480392692	-0.0685356769509479	4.23076078405304
2722.70130807791	-0.0660557575191545	4.13287373014611
2754.22870333816	-0.0637256226121593	4.03884690316848
2786.12116862977	-0.0615334674900619	3.94845020168302
2818.38293126446	-0.0594686330804206	3.86147145649258
2851.01826750391	-0.0575214748993392	3.77771472917329
2884.0315031266	-0.0556832491512318	3.6969987996194
2917.42701400117	-0.0539460134626739	3.61915581815941
2951.20922666639	-0.0523025401541691	3.5440301026238
2985.38261891796	-0.050746240265708	3.47147706189993
3019.95172040202	-0.049271096848683	3.40136223130141
3054.92111321551	-0.047871606242752	3.33356040616477
3090.29543251359	-0.0465427262750729	3.26795486265242
3126.07936712396	-0.0452798304617595	3.20443665525194
3162.27766016838	-0.0440786674271185	3.1429039827162
3198.8951096914	-0.0429353248714236	3.08326161481528
3235.93656929628	-0.0418461975240453	3.02542037293554
3273.40694878838	-0.0408079585739208	2.96929665911676
3311.31121482591	-0.0398175341568862	2.91481202800555
3349.65439157827	-0.0388720805325812	2.86189279772495
3388.44156139203	-0.0379689636325074	2.81046969485296
3427.67786546451	-0.0371057407032732	2.76047753103437
3467.36850452532	-0.0362801437913088	2.71185490716223
3507.51873952568	-0.0354900648799929	2.66454394289521
3548.13389233576	-0.0347335424768273	2.61849002898225
3589.21934645006	-0.0340087494999672	2.57364160001731
3630.78054770101	-0.0333139823181655	2.52994992588537
3672.82300498085	-0.0326476508171867	2.48736891982173
3715.35229097173	-0.0320082694023472	2.44585496216009
3758.37404288444	-0.0313944488019922	2.40536673759108
3801.89396320561	-0.0308048886348919	2.36586508526083
3845.91782045354	-0.0302383706228249	2.32731286020749
3890.4514499428	-0.0296937524141635	2.28967480556806
3935.50075455778	-0.0291699619312675	2.25291743401555
3981.07170553497	-0.0286659922248296	2.21700891828504
4027.17034325459	-0.0281808967327383	2.18191898934706
4073.80277804113	-0.0277137849732813	2.14761884236109
4120.9751909733	-0.0272638185593359	2.11408104888036
4168.69383470335	-0.0268302075728344	2.08127947564054
4216.96503428582	-0.0264122071989506	2.04918920883107
4265.79518801593	-0.0260091146616082	2.01778648346708
4315.19076827766	-0.0256202663725145	1.98704861787604
4365.15832240166	-0.0252450353300732	1.95695395240995
4415.70447353312	-0.0248828286898191	1.92748179219241
4466.83592150963	-0.024533085550113	1.89861235383425
4518.55944374922	-0.0241952748853277	1.87032671548194
4570.88189614875	-0.0238688936378932	1.84260677012422
4623.8102139926	-0.023553464958366	1.81543518187652
4677.35141287198	-0.0232485365635564	1.78879534518271
4731.51258961481	-0.0229536792237938	1.76267134616114
4786.30092322638	-0.0226684853516159	1.73704792702191
4841.723675841	-0.0223925676959407	1.71191045183149
4897.78819368446	-0.0221255581199842	1.68724487518172
4954.5019080479	-0.0218671064754803	1.66303771203724
5011.87233627273	-0.0216168795400927	1.63927600996704
5069.90708274704	-0.0213745600408565	1.61594732260169
5128.61383991365	-0.0211398457434691	1.59303968482562
5188.00038928961	-0.0209124485786548	1.57054158931726
5248.07460249773	-0.0206920938624365	1.548441964633
5308.84444230989	-0.0204785195426102	1.52673015423257
5370.31796370253	-0.0202714755007027	1.50539589697615
5432.50331492433	-0.0200707228959987	1.48442930842039
5495.40873857625	-0.0198760335655602	1.46382086346152
5559.04257270404	-0.0196871894349743	1.44356137978755
5623.41325190349	-0.0195039819991608	1.4236420020476
5688.52930843841	-0.0193262118047033	1.40405418716742
5754.39937337157	-0.0191536879809153	1.38478969039946
5821.03217770872	-0.0189862278045306	1.36584055191293
5888.43655355589	-0.0188236562703378	1.3471990842277
5956.62143529011	-0.0186658057048092	1.32885786035152
6025.59586074358	-0.018512515399422	1.31080970247373
6095.36897240169	-0.0183636312587124	1.29304767117889
6165.95001861482	-0.0182190054749434	1.27556505527467
6237.34835482419	-0.0180784962231347	1.25835536221871
6309.57344480194	-0.0179419673630677	1.24141230874163
6382.63486190549	-0.0178092881779251	1.22472981230196
6456.54229034655	-0.0176803330996551	1.20830198269249
6531.30552647472	-0.0175549814781191	1.19212311417298
6606.93448007596	-0.0174331173451002	1.17618767798406
6683.43917568615	-0.0173146291961246	1.16049031506181
6760.82975391982	-0.0171994097853988	1.14502582938869
6839.11647281429	-0.0170873559308049	1.12978918147747
6918.30970918937	-0.0169783683315128	1.11477548208236
6998.41996002274	-0.0168723513868291	1.09997998648853
7079.45784384138	-0.0167692130418448	1.08539808862429
7161.43410212902	-0.0166688646179688	1.0710253159686
7244.35960074989	-0.0165712206730295	1.0568573243594
7328.24533138904	-0.016476198860475	1.04288989303332
7413.10241300918	-0.0163837197923966	1.02911891990362
7498.94209332456	-0.0162937069063231	1.01554041740183
7585.77575029183	-0.0162060863663808	1.00215050786042
7673.6148936182	-0.016120786913951	0.988945419639289
7762.47116628691	-0.0160377398008668	0.975921483298215
7852.35634610072	-0.0159568786500522	0.963075127649565
7943.28234724281	-0.0158781393649048	0.950402876423174
8035.26122185618	-0.0158014600680953	0.937901344642721
8128.305161641	-0.0157267809579421	0.925567235622019
8222.42649947071	-0.0156540442686543	0.913397337627647
8317.63771102671	-0.0155831941652676	0.901388520893399
8413.95141645195	-0.0155141766863297	0.88953773488844
8511.38038202377	-0.0154469396316187	0.877842005527063
8609.93752184601	-0.0153814325512034	0.866298432381855
8709.6358995608	-0.0153176066250676	0.854904186429279
8810.48873008013	-0.0152554146296075	0.843656507305654
8912.50938133746	-0.0151948108639693	0.832552701273808
9015.71137605957	-0.0151357510891091	0.821590138750345
9120.1083935591	-0.0150781925013436	0.810766252369924
9225.71427154764	-0.0150220936314968	0.800078534836324
9332.54300796991	-0.0149674143313204	0.789524536830111
9440.60876285923	-0.014914115718105	0.779101865281662
9549.92586021436	-0.0148621601127135	0.768808181510264
9660.50878989813	-0.0148115110147723	0.758641199418994
9772.37220955812	-0.0147621330493214	0.748598683794348
9885.53094656939	-0.014713991925938	0.738678448731663
10000	-0.0146670544063283	0.7288783561522
10115.794542599	-0.0146212882599682	0.719196314053046
10232.9299228075	-0.014576662240332	0.709630275343489
10351.4216667934	-0.0145331460276307	0.700178236307793
10471.285480509	-0.0144907102199046	0.690838235175816
10592.5372517729	-0.0144493262967401	0.681608351097632
10715.1930523761	-0.0144089665708808	0.672486702632285
10839.269140212	-0.0143696041812045	0.663471446778788
10964.7819614319	-0.014331213063525	0.654560777565122
11091.748152624	-0.0142937679005596	0.645752925181687
11220.1845430196	-0.0142572441312143	0.637046154746169
11350.1081567231	-0.0142216178875997	0.628438765347256
11481.5362149688	-0.0141868660077728	0.61992908908602
11614.4861384034	-0.0141529659958631	0.611515489879822
11748.9755493953	-0.0141198959877015	0.603196362929962
11885.0222743702	-0.0140876347560407	0.594970133358646
12022.6443461741	-0.0140561616740401	0.586835255821581
12161.8600064637	-0.0140254566991445	0.578790213217995
12302.6877081238	-0.0139955003555358	0.570833516254234
12445.1461177139	-0.0139662737033867	0.562963702378617
12589.2541179417	-0.0139377583558065	0.555179335341171
12735.0308101666	-0.0139099364232771	0.547479004033325
12882.4955169313	-0.01388279052509	0.539861322135628
13031.667784523	-0.0138563037426957	0.532324927424398
13182.5673855641	-0.0138304596570305	0.524868480818915
13335.2143216332	-0.0138052422651802	0.517490666173937
13489.6288259165	-0.013780636036021	0.510190189135115
13645.8313658893	-0.0137566258402637	0.502965777048685
13803.8426460289	-0.0137331969736724	0.495816178211951
13963.6836105594	-0.013710335139608	0.488740160951869
14125.3754462275	-0.0136880264122638	0.481736513789387
14288.939585111	-0.0136662572494473	0.474804044204393
14454.3977074593	-0.0136450144830665	0.467941578687558
14621.7717445672	-0.0136242852880053	0.461147961824952
14791.0838816821	-0.0136040572016686	0.454422056083562
14962.3565609444	-0.0135843180714178	0.447762741255116
15135.6124843621	-0.0135650560929895	0.441168914000619
15310.8746168203	-0.0135462597516873	0.434639487424477
15488.1661891248	-0.0135279178792121	0.428173390670479
15667.5107010815	-0.0135100195604306	0.421769568458173
15848.9319246111	-0.0134925541988022	0.415426980727171
16032.4539069004	-0.013475511467535	0.409144602328787
16218.1009735893	-0.0134588813255213	0.402921422448612
16405.8977319954	-0.0134426539699184	0.396756444378164
16595.8690743756	-0.0134268198851515	0.39064868524787
16788.0401812256	-0.0134113698047566	0.384597175341541
16982.4365246175	-0.013396294681072	0.378600958225204
17179.0838715759	-0.0133815857234414	0.372659090113937
17378.0082874938	-0.0133672343710576	0.366770639566832
17579.2361395869	-0.0133532322914305	0.360934687279642
17782.7941003892	-0.0133395713631706	0.355150325767689
17988.7091512879	-0.0133262436711505	0.34941665910595
18197.0085860999	-0.0133132415321171	0.34373280244573
18407.7200146896	-0.0133005574344345	0.338097881954906
18620.8713666287	-0.0132881840919963	0.332511034521235
18836.490894898	-0.0132761143809813	0.326971407399055
19054.6071796325	-0.0132643413816162	0.321478158023074
19275.2491319094	-0.0132528583527292	0.3160304537144
19498.4459975804	-0.0132416587368679	0.310627471515136
19724.2273611485	-0.013230736130455	0.305268397786234
19952.6231496888	-0.01322008431241	0.299952428134487
20183.6636368156	-0.0132096972145924	0.294678767295256
20417.3794466953	-0.0131995689484618	0.289446628476297
20653.8015581053	-0.0131896937440174	0.284255233700801
20892.9613085404	-0.0131800660226969	0.279103813067441
21134.8903983665	-0.0131706803375957	0.27399160501028
21379.6208950223	-0.0131615313736783	0.268917855736929
21627.1852372702	-0.0131526139769545	0.263881819260376
21877.6162394955	-0.0131439231161724	0.258882757165163
22130.9470960564	-0.0131354539021968	0.253919938299468
22387.2113856834	-0.0131272015654733	0.24899263875209
22646.4430759306	-0.0131191614753819	0.244100141513256
22908.6765276777	-0.0131113291258417	0.239241736570998
23173.9464996848	-0.0131037001158243	0.234416720300102
23442.2881531992	-0.0130962701934155	0.22962439573202
23713.7370566165	-0.0130890351842582	0.224864072224145
23988.3291901949	-0.0130819910555659	0.220135065202564
24266.1009508242	-0.0130751338738829	0.215436696099447
24547.0891568503	-0.0130684598277738	0.210768292211042
24831.3310529557	-0.0130619651821859	0.206129186556838
25118.8643150958	-0.0130556463341907	0.20151871763516
25409.7270554931	-0.0130494997715699	0.196936229415312
25703.9578276886	-0.0130435220769962	0.192381071043775
26001.5956316527	-0.0130377099257944	0.187852596878214
26302.6799189538	-0.0130320601059055	0.183350166103063
26607.2505979881	-0.0130265694762484	0.178873142949993
26915.3480392692	-0.0130212350130724	0.174420896154398
27227.0130807791	-0.0130160537548695	0.169992799163435
27542.2870333817	-0.0130110228297455	0.165588229888882
27861.2116862977	-0.0130061394734542	0.161206570492295
28183.8293126446	-0.0130014009742202	0.156847207338057
28510.1826750391	-0.0129968047259782	0.152509530991418
28840.3150312661	-0.0129923481908639	0.148192935814812
29174.2701400116	-0.012988028924693	0.143896820119492
29512.0922666639	-0.0129838445307245	0.139620585960283
29853.8261891796	-0.0129797927082057	0.135363638933588
30199.5172040202	-0.0129758712399401	0.131125388152973
30549.2111321552	-0.0129720779712245	0.126905246207853
30902.9543251359	-0.0129684107968956	0.122702628837561
31260.7936712396	-0.0129648677132383	0.118516955066801
31622.7766016838	-0.0129614467835025	0.114347646913587
31988.951096914	-0.0129581461196136	0.110194129428859
32359.3656929628	-0.0129549639044321	0.106055830448306
32734.0694878838	-0.0129518984094508	0.101932180635354
33113.1121482591	-0.0129489479299513	0.0978226131958132
33496.5439157828	-0.0129461108662194	0.0937265640442486
33884.4156139203	-0.0129433856568227	0.0896434715031935
34276.778654645	-0.0129407708132774	0.0855727761483803
34673.6850452532	-0.0129382649074565	0.0815139209898626
35075.1873952568	-0.0129358665536502	0.0774663510607137
35481.3389233575	-0.0129335744291704	0.073429513543747
35892.1934645005	-0.0129313873105328	0.0694028576140032
36307.8054770101	-0.0129293039665159	0.0653858343047171
36728.2300498084	-0.0129273232612941	0.0613778964803416
37153.5229097173	-0.0129254441340276	0.0573784986545778
37583.7404288444	-0.0129236655346273	0.0533870970351836
38018.9396320561	-0.0129219865020526	0.0494031492766562
38459.1782045353	-0.0129204060961286	0.0454261145611189
38904.5144994281	-0.0129189234549789	0.0414554533962628
39355.0075455778	-0.0129175377647758	0.0374906275237419
39810.7170553497	-0.0129162482768078	0.033531099909167
40271.7034325459	-0.0129150542590442	0.0295763345730322
40738.0277804112	-0.012913955097017	0.0256257966532935
41209.7519097331	-0.0129129501274559	0.0216789520784422
41686.9383470336	-0.0129120388269711	0.0177352676844126
42169.6503428582	-0.0129112207071349	0.0137942111226608
42657.9518801592	-0.0129104952725535	0.00985525060443525
43151.9076827765	-0.0129098621428086	0.00591785508924945
43651.5832240166	-0.0129093209721246	0.00198149394514685
44157.0447353313	-0.0129088714445722	-0.00195436295662315
44668.3592150963	-0.0129085133133251	-0.00589024548692689
45185.5944374923	-0.0129082463527083	-0.00982668311844596
45708.8189614875	-0.0129080704231888	-0.0137642052060354
46238.1021399261	-0.0129079854223084	-0.0177033409398017
46773.5141287199	-0.0129079912639995	-0.0216446194960485
47315.1258961481	-0.012908087965193	-0.0255885700731779
47863.0092322638	-0.012908275540335	-0.0295357220432111
48417.2367584099	-0.0129085541055981	-0.0334866049065064
48977.8819368446	-0.0129089237768108	-0.0374417484315351
49545.019080479	-0.0129093847327318	-0.041401682819243
50118.7233627272	-0.0129099372364387	-0.0453669386132064
50699.0708274705	-0.0129105815557643	-0.0493380469235343
51286.1383991365	-0.0129113179968688	-0.0533155393895677
51880.0038928961	-0.0129121469738626	-0.0572999483590826
52480.7460249773	-0.0129130689110372	-0.0612918068614294
53088.4444230989	-0.0129140842814382	-0.0652916488284015
53703.1796370252	-0.0129151936232115	-0.0693000089947117
54325.0331492433	-0.0129163975061331	-0.073317423100116
54954.0873857624	-0.0129176965682995	-0.0773444278959519
55590.4257270403	-0.0129190915069791	-0.0813815612920723
56234.1325190349	-0.0129205830103146	-0.0854293623938232
56885.2930843841	-0.0129221719038651	-0.0894883715140513
57543.9937337158	-0.0129238590029447	-0.0935591304003602
58210.3217770871	-0.0129256452108004	-0.0976421821811611
58884.3655355589	-0.0129275314611011	-0.101738071440184
59566.214352901	-0.0129295187545255	-0.105847344410719
60255.9586074359	-0.0129316081214552	-0.109970548979055
60953.689724017	-0.0129338006874752	-0.11410823469388
61659.5001861481	-0.0129360975951944	-0.118260952940751
62373.4835482419	-0.0129385000605009	-0.122429257024905
63095.7344480194	-0.0129410093516201	-0.126613702156952
63826.3486190549	-0.0129436268129979	-0.130814845602176
64565.4229034656	-0.0129463537975691	-0.13503324675607
65313.0552647472	-0.0129491917781851	-0.139269467178084
66069.3448007596	-0.0129521422341361	-0.143524070704902
66834.3917568615	-0.0129552067303582	-0.147797623500081
67608.2975391982	-0.0129583868917005	-0.152090694225792
68391.164728143	-0.012961684395841	-0.156403853937839
69183.0970918936	-0.0129651009996462	-0.160737676311151
69984.1996002274	-0.0129686384944894	-0.1650927377127
70794.5784384139	-0.0129722987777141	-0.16946961722329
71614.3410212902	-0.0129760837569033	-0.173868896697149
72443.596007499	-0.0129799954572092	-0.17829116095052
73282.4533138904	-0.0129840359432176	-0.182736997718691
74131.0241300918	-0.0129882073622122	-0.187206997822303
74989.4209332456	-0.0129925119101729	-0.191701755217854
75857.7575029184	-0.0129969518722977	-0.196221867020598
76736.1489361819	-0.01300152960666	-0.200767933736186
77624.7116628692	-0.0130062475255369	-0.20534055914576
78523.5634610072	-0.0130111081377862	-0.20994035054945
79432.8234724282	-0.0130161140181953	-0.214567918778425
80352.6122185617	-0.0130212678101471	-0.219223878276433
81283.0516164099	-0.0130265722476358	-0.223908847170824
82224.2649947071	-0.0130320301499477	-0.228623447415237
83176.3771102671	-0.0130376444068785	-0.233368304819973
84139.5141645195	-0.0130434179847619	-0.238144049133615
85113.8038202376	-0.0130493539469864	-0.242951314152545
86099.37521846	-0.0130554554432428	-0.247790737815583
87096.3589956081	-0.0130617256950472	-0.252662962242791
88104.8873008015	-0.0130681680405955	-0.257568633893921
89125.0938133746	-0.0130747858810103	-0.26250840354999
90157.1137605957	-0.0130815827241899	-0.267482926499044
91201.0839355909	-0.0130885621796738	-0.272492862579767
92257.1427154765	-0.0130957279337512	-0.277538876284682
93325.4300796993	-0.0131030837952439	-0.282621636811884
94406.0876285923	-0.0131106336643554	-0.287741818201294
95499.2586021435	-0.0131183815316705	-0.292900099417946
96605.0878989813	-0.0131263315145299	-0.298097164411159
97723.7220955811	-0.0131344878195425	-0.303333702209139
98855.309465694	-0.0131428547625341	-0.308610407049031
100000	-0.0131514367856212	-0.313927978429741
101157.94542599	-0.013160238442951	-0.319287121241558
102329.299228075	-0.0131692643891007	-0.324688545825927
103514.216667934	-0.0131785194044882	-0.330132968076862
104712.85480509	-0.0131880084083161	-0.335621109520908
105925.372517729	-0.0131977364141389	-0.341153697475194
107151.930523761	-0.0132077085839804	-0.346731465090712
108392.69140212	-0.0132179302075768	-0.352355151417072
109647.819614318	-0.0132284067056504	-0.358025501607997
110917.48152624	-0.0132391436111405	-0.363743266887682
112201.845430196	-0.0132501466267085	-0.369509204782046
113501.081567231	-0.0132614215839088	-0.375324079095167
114815.362149688	-0.0132729744596164	-0.381188660106943
116144.861384034	-0.0132848113713641	-0.387103724620454
117489.755493953	-0.0132969385916337	-0.393070056078903
118850.222743702	-0.0133093625442835	-0.399088444662363
120226.443461741	-0.0133220898352373	-0.405159687428576
121618.600064637	-0.0133351271835629	-0.41128458834276
123026.877081238	-0.0133484815043972	-0.417463958465576
124451.461177138	-0.0133621598907343	-0.423698616006478
125892.541179417	-0.0133761695612243	-0.429989386451873
127350.308101666	-0.0133905179626521	-0.436337102676666
128824.955169314	-0.0134052127044852	-0.442742605014984
130316.67784523	-0.0134202615452263	-0.449206741428097
131825.673855641	-0.0134356724793393	-0.455730367594612
133352.143216332	-0.0134514536793345	-0.462314347000874
134896.288259165	-0.0134676134953236	-0.468959551048541
136458.313658892	-0.0134841604791442	-0.475666859241138
138038.426460288	-0.0135011034270484	-0.482437159206745
139636.836105594	-0.0135184513017834	-0.489271346875316
141253.754462276	-0.0135362132963578	-0.496170326548155
142889.395851111	-0.0135543988272507	-0.503135011083211
144543.977074593	-0.0135730175284246	-0.510166321938473
146217.717445672	-0.0135920792447286	-0.517265189347874
147910.838816821	-0.0136115940996649	-0.52443255240916
149623.565609443	-0.0136315724230401	-0.531669359229655
151356.124843621	-0.0136520248151504	-0.538976567022695
153108.746168203	-0.0136729621036344	-0.546355142265147
154881.661891248	-0.0136943953655651	-0.553806060806251
156675.107010815	-0.0137163359815236	-0.561330307972828
158489.319246112	-0.0137387955525342	-0.568928878752837
160324.539069004	-0.0137617859966628	-0.576602777852761
162181.009735893	-0.0137853194779129	-0.584353019893564
164058.977319954	-0.0138094084736024	-0.59218062950881
165958.690743756	-0.0138340657418056	-0.600086641459593
167880.401812256	-0.0138593043524029	-0.608072100826765
169824.365246174	-0.0138851376667253	-0.616138063080016
171790.838715759	-0.0139115793739201	-0.624285594270089
173780.082874938	-0.013938643472336	-0.632515771116882
175792.361395869	-0.0139663442852685	-0.640829681191959
177827.941003892	-0.0139946965312657	-0.649228423022131
179887.091512879	-0.0140237151960594	-0.657713106269059
181970.085860998	-0.0140534156497586	-0.666284851839301
184077.200146896	-0.0140838136263233	-0.67494479202522
186208.713666287	-0.0141149252322657	-0.683694070692076
188364.90894898	-0.0141467669393154	-0.692533843379146
190546.071796325	-0.014179355611767	-0.701465277487469
192752.491319094	-0.0142127085077446	-0.710489552375017
194984.459975805	-0.0142468432937499	-0.719607859582179
197242.273611485	-0.0142817780509668	-0.728821402905188
199526.231496888	-0.0143175312736546	-0.738131398631633
201836.636368156	-0.0143541218934105	-0.747539075595014
204173.794466953	-0.0143915692998262	-0.757045675450984
206538.015581053	-0.0144298932919093	-0.766652452734421
208929.613085404	-0.0144691141852906	-0.776360675062788
211348.903983665	-0.0145092527605898	-0.786171623304134
213796.208950223	-0.014550330241012	-0.796086591715311
216271.852372702	-0.0145923683660674	-0.806106888138215
218776.162394955	-0.0146353894377682	-0.816233834124554
221309.470960564	-0.0146794162065005	-0.826468765141072
223872.113856834	-0.0147244719764962	-0.836813030714823
226464.430759306	-0.0147705805953411	-0.847267994612979
229086.765276778	-0.0148177664862703	-0.857835035015535
231739.464996848	-0.0148660546214677	-0.86851554468837
234422.881531992	-0.0149154705550606	-0.87931093114439
237137.370566166	-0.0149660404505231	-0.890222616849463
239883.291901949	-0.0150177910584198	-0.901252039373921
242661.009508241	-0.0150707497924706	-0.912400651573078
245470.891568503	-0.0151249446497395	-0.923669921816564
248313.310529557	-0.015180404343036	-0.935061334085458
251188.643150958	-0.0152371581973156	-0.946576388236938
254097.270554931	-0.0152952362554082	-0.958216600150283
257039.578276886	-0.0153546692417255	-0.969983501929787
260015.956316527	-0.0154154886159691	-0.981878642086246
263026.799189538	-0.0154777265484164	-0.993903585736573
266072.505979881	-0.015541415961105	-1.00605991479208
269153.480392691	-0.0156065905527299	-1.01834922815264
272270.130807791	-0.0156732848177667	-1.03077314190766
275422.870333817	-0.0157415339991564	-1.04333328955014
278612.116862977	-0.0158113742376827	-1.05603132213392
281838.293126445	-0.0158828424341465	-1.06886890853351
285101.826750391	-0.0159559764275857	-1.08184773559995
288403.150312661	-0.0160308148737951	-1.09496950838632
291742.701400117	-0.016107397348899	-1.10823595036233
295120.922666639	-0.0161857643522035	-1.12164880361304
298538.261891796	-0.0162659573232868	-1.13520982905016
301995.172040202	-0.016348018674646	-1.14892080664466
305492.111321552	-0.0164319917598544	-1.16278353560887
309029.543251359	-0.0165179210115081	-1.17679983464084
312607.936712395	-0.0166058518251136	-1.19097154212182
316227.766016838	-0.0166958306990101	-1.205300516367
319889.51096914	-0.0167879051728499	-1.21978863581707
323593.656929628	-0.0168821239176778	-1.23443779927097
327340.694878838	-0.0169785367360278	-1.24924992612038
331131.121482591	-0.0170771945657692	-1.26422695658188
334965.439157828	-0.0171781495334549	-1.27937085190216
338844.156139203	-0.0172814549801217	-1.29468359461298
342767.786546451	-0.0173871654886763	-1.31016718875939
346736.850452531	-0.0174953369136384	-1.32582366011815
350751.873952568	-0.0176060263668175	-1.34165505647242
354813.389233575	-0.0177192923293091	-1.35766344780181
358921.934645005	-0.0178351946099513	-1.37385092656631
363078.054770102	-0.0179537944311142	-1.39021960792574
367282.300498085	-0.0180751543904892	-1.40677162998434
371535.229097173	-0.018199338560474	-1.42350915404761
375837.404288444	-0.0183264125482277	-1.44043436485517
380189.396320561	-0.0184564433812824	-1.45754947085008
384591.782045354	-0.0185894997205613	-1.47485670441032
389045.14499428	-0.0187256517721733	-1.49235832211619
393550.075455777	-0.0188649713934941	-1.51005660499818
398107.170553498	-0.0190075320938282	-1.52795385879058
402717.034325459	-0.0191534090794204	-1.5460524142049
407380.277804113	-0.0193026793189982	-1.56435462715795
412097.51909733	-0.0194554215364056	-1.58286287907961
416869.383470335	-0.0196117162750029	-1.60157957712297
421696.503428582	-0.0197716459785464	-1.62050715447904
426579.518801593	-0.0199352949653896	-1.6396480706069
431519.076827765	-0.020102749502435	-1.65900481151992
436515.832240166	-0.0202740978601385	-1.67857989004532
441570.447353313	-0.0204494303517809	-1.6983758460969
446683.592150963	-0.0206288393833154	-1.71839524695476
451855.944374922	-0.0208124194708113	-1.73864068752527
457088.189614875	-0.021000267339042	-1.75911479063418
462381.02139926	-0.0211924819328509	-1.77982020728021
467735.141287198	-0.0213891645003631	-1.800759616926
473151.25896148	-0.0215904185887394	-1.8219357277817
478630.092322638	-0.0217963501786025	-1.84335127706966
484172.3675841	-0.0220070676620386	-1.86500903131483
489778.819368447	-0.0222226819633766	-1.88691178662136
495450.190804791	-0.0224433065304881	-1.90906236897036
501187.233627273	-0.0226690574600335	-1.93146363447183
506990.708274704	-0.0229000534802178	-1.95411846968706
512861.383991365	-0.0231364161244919	-1.9770297918788
518800.038928961	-0.0233782696658336	-2.00020054932945
524807.460249772	-0.0236257412604311	-2.02363372160042
530884.444230989	-0.0238789609914122	-2.04733231984124
537031.796370254	-0.0241380619440564	-2.07129938705414
543250.331492434	-0.0244031802734982	-2.09553799839984
549540.873857625	-0.0246744552160906	-2.12005126149129
555904.257270404	-0.0249520292839753	-2.144842316653
562341.325190349	-0.0252360482233366	-2.16991433723182
568852.930843841	-0.0255266611338634	-2.19527052989345
575439.937337157	-0.0258240205583273	-2.22091413488059
582103.217770871	-0.0261282825146829	-2.2468484263347
588843.65535559	-0.0264396066387009	-2.27307671255291
595662.143529011	-0.0267581562065165	-2.29960233630092
602559.586074358	-0.0270840982552666	-2.32642867507518
609536.89724017	-0.0274176036401927	-2.35355914141225
616595.001861483	-0.0277588471213549	-2.3809971831734
623734.835482419	-0.028108007526388	-2.40874628378141
630957.344480193	-0.0284652677397673	-2.43680996255659
638263.486190548	-0.028830814811863	-2.46519177499305
645654.229034657	-0.029204840114276	-2.49389531301004
653130.552647473	-0.0295875393662265	-2.52292420525504
660693.448007596	-0.029979112815422	-2.55228211734639
668343.917568614	-0.0303797652378022	-2.58197275218574
676082.975391982	-0.0307897061122517	-2.61199985021479
683911.647281429	-0.0312091497015683	-2.64236718966933
691830.970918937	-0.0316383151773435	-2.67307858685466
699841.996002273	-0.0320774266750922	-2.70413789643053
707945.784384138	-0.0325267134987169	-2.73554901162171
716143.410212903	-0.032986410131611	-2.76731586452477
724435.96007499	-0.0334567564160942	-2.79944242633322
732824.533138904	-0.0339379976924072	-2.83193270757749
741310.241300916	-0.0344303848513046	-2.8647907583997
749894.209332456	-0.034934174489467	-2.89802066876681
758577.575029183	-0.0354496290829022	-2.93162656870795
767361.489361819	-0.0359770170077757	-2.96561262857249
776247.116628691	-0.0365166128250741	-2.99998305918955
785235.634610072	-0.0370686972370575	-3.0347421121778
794328.234724283	-0.0376335573984261	-3.06989408006874
803526.122185617	-0.0382114869027809	-3.10544329657258
812830.5161641	-0.0388027860741842	-3.14139413673808
822242.649947071	-0.0394077619691294	-3.17775101717974
831763.77110267	-0.040026728635009	-3.21451839623213
841395.141645194	-0.0406600072198357	-3.25170077413101
851138.038202376	-0.0413079261289181	-3.28930269318885
860993.752184601	-0.0419708211802178	-3.32732873795611
870963.589956082	-0.0426490357672679	-3.36578353535976
881048.873008015	-0.0433429210425648	-3.40467175485193
891250.938133745	-0.0440528360711875	-3.4439981085039
901571.137605958	-0.0447791479916146	-3.48376735119511
912010.83935591	-0.0455222322212236	-3.5239842806504
922571.427154764	-0.0462824726195023	-3.5646537375592
933254.300796991	-0.0470602616427894	-3.60578060567486
944060.876285924	-0.0478560005828366	-3.64736981186956
954992.586021436	-0.0486700997293126	-3.68942632616377
966050.878989815	-0.049502978566116	-3.73195516180976
977237.220955811	-0.0503550659466846	-3.77496137530299
988553.094656938	-0.0512268003531636	-3.81845006638215
1000000	-0.0521186300193367	-3.86242637804185
 
